-2.744493186473846436e-01
-2.954610288143157959e-01
-3.045017421245574951e-01
-2.328713834285736084e-01
-2.634193897247314453e-01
-2.696056962013244629e-01
-3.095996379852294922e-01
-3.638334870338439941e-01
-3.306955397129058838e-01
-2.845702469348907471e-01
-2.850876450538635254e-01
-3.738665878772735596e-01
-2.863214015960693359e-01
-3.602522611618041992e-01
-2.420760989189147949e-01
-3.169762492179870605e-01
-3.769849836826324463e-01
-3.375235497951507568e-01
-3.017735481262207031e-01
-2.938519418239593506e-01
-2.778415977954864502e-01
-2.601155042648315430e-01
-2.074259072542190552e-01
-2.617804706096649170e-01
-2.944279015064239502e-01
-3.303700387477874756e-01
-2.566994428634643555e-01
-3.115995824337005615e-01
-2.626381218433380127e-01
-3.436065912246704102e-01
-3.106220662593841553e-01
-3.393405973911285400e-01
-3.337787389755249023e-01
-2.784786820411682129e-01
-3.120718598365783691e-01
-3.474543094635009766e-01
-1.076050922274589539e-01
-1.083962544798851013e-01
-7.121161371469497681e-02
-5.325264483690261841e-02
-1.741657853126525879e-01
-1.470240056514739990e-01
-1.373922079801559448e-01
-1.292142122983932495e-01
-1.775841414928436279e-01
-1.292077004909515381e-01
-1.778211742639541626e-01
-1.764952391386032104e-01
-1.688929349184036255e-01
-1.416621506214141846e-01
-1.497753858566284180e-01
-1.347221136093139648e-01
-1.598617434501647949e-01
-1.604293733835220337e-01
-1.655991375446319580e-01
-1.648370772600173950e-01
-1.451762020587921143e-01
-1.078760549426078796e-01
-1.033081933856010437e-01
-1.043136715888977051e-01
-6.370719522237777710e-02
-3.215709701180458069e-02
-1.182448640465736389e-01
-9.878230839967727661e-02
-1.354506313800811768e-01
-1.299328058958053589e-01
-1.045805215835571289e-01
-1.339755803346633911e-01
-1.152158007025718689e-01
-9.703658521175384521e-02
-1.251946985721588135e-01
-9.168861806392669678e-02
-1.292634159326553345e-01
-1.290122866630554199e-01
-1.228942498564720154e-01
-1.407395601272583008e-01
-1.281486153602600098e-01
-1.023187041282653809e-01
-6.536667793989181519e-02
-1.165139079093933105e-01
-7.249423861503601074e-02
-1.160684227943420410e-01
-1.220002099871635437e-01
-1.144350767135620117e-01
-1.420726180076599121e-01
-6.736726313829421997e-02
-1.371837556362152100e-01
-1.017603874206542969e-01
-1.365193277597427368e-01
-1.111015379428863525e-01
-9.828225523233413696e-02
-9.549955278635025024e-02
-7.500931620597839355e-02
-8.076161146163940430e-02
-5.530647933483123779e-02
-1.372162103652954102e-01
-1.138405650854110718e-01
-1.458671540021896362e-01
-1.376484185457229614e-01
-1.010974496603012085e-01
-1.426649391651153564e-01
-1.455805301666259766e-01
-1.299432814121246338e-01
-1.017103642225265503e-01
-8.302641659975051880e-02
-9.167617559432983398e-02
-6.928490102291107178e-02
-9.110661596059799194e-02
-5.727452784776687622e-02
-9.511198848485946655e-02
-6.719715893268585205e-02
-6.136428564786911011e-02
-5.886968970298767090e-02
-1.114360317587852478e-01
-6.507769227027893066e-02
-1.136482581496238708e-01
-5.531010776758193970e-02
-7.793432474136352539e-02
-8.564360439777374268e-02
-1.245962232351303101e-01
-3.611316531896591187e-02
-5.729421973228454590e-02
-4.619362950325012207e-02
1.421085931360721588e-02
-1.210377439856529236e-01
-7.321548461914062500e-02
-1.004479676485061646e-01
-9.163003414869308472e-02
-1.446239948272705078e-01
-1.171708405017852783e-01
-8.265572786331176758e-02
-7.859495282173156738e-02
-5.756026133894920349e-02
-4.214477166533470154e-02
-3.282095072790980339e-03
-1.366975903511047363e-01
-1.512307375669479370e-01
-1.297864913940429688e-01
-1.115241572260856628e-01
-1.151938512921333313e-01
-7.737977802753448486e-02
-2.004624716937541962e-02
-5.607550963759422302e-03
-8.873081207275390625e-02
-9.362330287694931030e-02
-9.640242904424667358e-02
-5.365872010588645935e-02
-7.915144413709640503e-02
-1.841576397418975830e-02
-1.981800980865955353e-02
-1.840732544660568237e-01
-1.643034219741821289e-01
-1.695162355899810791e-01
-1.429146230220794678e-01
-1.165732219815254211e-01
-5.685613304376602173e-02
-3.164895251393318176e-02
1.826205663383007050e-02
-1.181012168526649475e-01
-1.067752167582511902e-01
-7.440837472677230835e-02
-5.393813177943229675e-02
-1.024141907691955566e-01
-1.080454513430595398e-01
-9.919597953557968140e-02
-8.036875724792480469e-02
-9.464529901742935181e-02
-6.467565149068832397e-02
-8.596608787775039673e-02
-4.437582939863204956e-02
-9.477624297142028809e-02
-8.326621353626251221e-02
-8.553262054920196533e-02
-6.377444416284561157e-02
-9.764938056468963623e-02
-7.857832312583923340e-02
-8.554250746965408325e-02
-6.471195816993713379e-02
-5.463935062289237976e-02
-6.053415313363075256e-02
-1.889581233263015747e-02
-9.175053983926773071e-02
-8.667038381099700928e-02
-7.423882186412811279e-02
-5.550616979598999023e-02
-9.507746249437332153e-02
-1.005095764994621277e-01
-8.066445589065551758e-02
-6.335484981536865234e-02
-1.042135879397392273e-01
-1.033077239990234375e-01
-7.466478645801544189e-02
-8.043950051069259644e-02
-9.465780854225158691e-02
-8.849292993545532227e-02
-8.730968087911605835e-02
-6.885918974876403809e-02
