-2.916802763938903809e-01
-2.492852360010147095e-01
-2.790196239948272705e-01
-2.193862199783325195e-01
-2.251998931169509888e-01
-2.586277127265930176e-01
-2.817497849464416504e-01
-3.594466447830200195e-01
-2.735174298286437988e-01
-2.268557697534561157e-01
-2.535086572170257568e-01
-3.362006545066833496e-01
-2.616904079914093018e-01
-3.184637725353240967e-01
-1.981232613325119019e-01
-2.561729848384857178e-01
-3.597126901149749756e-01
-2.684597373008728027e-01
-2.615437507629394531e-01
-2.995514571666717529e-01
-2.346959263086318970e-01
-2.105671167373657227e-01
-2.043307274580001831e-01
-2.453158944845199585e-01
-2.727178037166595459e-01
-3.130643963813781738e-01
-2.264517396688461304e-01
-2.985301315784454346e-01
-2.243584096431732178e-01
-3.103643357753753662e-01
-2.603062093257904053e-01
-3.408290445804595947e-01
-3.008320331573486328e-01
-2.586918473243713379e-01
-2.680254578590393066e-01
-3.008750081062316895e-01
-1.072845607995986938e-01
-9.838508814573287964e-02
-8.736408501863479614e-02
-9.590309113264083862e-02
-1.612047851085662842e-01
-1.479068547487258911e-01
-1.403725892305374146e-01
-1.479169130325317383e-01
-1.270546466112136841e-01
-1.386211365461349487e-01
-1.446418017148971558e-01
-1.653596013784408569e-01
-1.620425432920455933e-01
-1.406923234462738037e-01
-1.510531306266784668e-01
-1.225003525614738464e-01
-1.602353304624557495e-01
-1.850140839815139771e-01
-1.367579400539398193e-01
-1.769393533468246460e-01
-1.364257335662841797e-01
-1.262569129467010498e-01
-9.389058500528335571e-02
-9.858385473489761353e-02
-7.202523946762084961e-02
-6.327176839113235474e-02
-1.419196724891662598e-01
-9.927218407392501831e-02
-1.121614947915077209e-01
-1.139677762985229492e-01
-1.235917806625366211e-01
-1.242858394980430603e-01
-1.263745725154876709e-01
-1.006153747439384460e-01
-1.144178062677383423e-01
-9.254594147205352783e-02
-1.338701546192169189e-01
-1.363678425550460815e-01
-1.018603295087814331e-01
-1.305244266986846924e-01
-1.334433555603027344e-01
-1.085095703601837158e-01
-6.500274688005447388e-02
-9.323461353778839111e-02
-7.535547763109207153e-02
-1.301597505807876587e-01
-1.422609388828277588e-01
-1.147423237562179565e-01
-1.538710743188858032e-01
-7.727095484733581543e-02
-1.447274833917617798e-01
-1.158291921019554138e-01
-1.294176578521728516e-01
-1.355737745761871338e-01
-1.184259653091430664e-01
-8.982595056295394897e-02
-9.567221999168395996e-02
-8.230637013912200928e-02
-1.024336069822311401e-01
-1.372504234313964844e-01
-1.120858192443847656e-01
-1.439493596553802490e-01
-9.638851135969161987e-02
-1.116286292672157288e-01
-1.583277136087417603e-01
-1.494786292314529419e-01
-1.276713013648986816e-01
-1.164990514516830444e-01
-1.136956885457038879e-01
-8.391461521387100220e-02
-8.575970679521560669e-02
-9.129744768142700195e-02
-7.423810660839080811e-02
-8.927351981401443481e-02
-9.976807236671447754e-02
-5.633874237537384033e-02
-8.819467574357986450e-02
-8.275998383760452271e-02
-7.756108790636062622e-02
-9.292937815189361572e-02
-6.828504055738449097e-02
-1.111282855272293091e-01
-7.121463865041732788e-02
-9.813700616359710693e-02
-6.799650192260742188e-02
-8.089552074670791626e-02
-4.093095287680625916e-02
-1.289996691048145294e-02
-1.244420707225799561e-01
-7.663249224424362183e-02
-1.027745082974433899e-01
-8.307715505361557007e-02
-1.051839590072631836e-01
-1.032519266009330750e-01
-8.015286177396774292e-02
-8.553996682167053223e-02
-4.975972697138786316e-02
-4.316483438014984131e-02
-2.437438815832138062e-02
-1.321331411600112915e-01
-1.365552842617034912e-01
-1.110637709498405457e-01
-1.089729294180870056e-01
-1.017723828554153442e-01
-6.173143908381462097e-02
-3.343487903475761414e-02
-2.445743978023529053e-02
-1.004775315523147583e-01
-7.300476729869842529e-02
-1.037520766258239746e-01
-8.057789504528045654e-02
-7.408761233091354370e-02
-2.380523271858692169e-02
-1.488790661096572876e-02
-1.585182845592498779e-01
-1.424570828676223755e-01
-1.483975648880004883e-01
-1.254581809043884277e-01
-1.232727393507957458e-01
-4.989134520292282104e-02
-4.582901671528816223e-02
-3.962276503443717957e-03
-1.076503023505210876e-01
-8.240047097206115723e-02
-6.373970210552215576e-02
-8.539041131734848022e-02
-1.016473472118377686e-01
-1.026145815849304199e-01
-9.370517730712890625e-02
-1.077082231640815735e-01
-1.082677394151687622e-01
-6.408969312906265259e-02
-7.790274918079376221e-02
-6.183974817395210266e-02
-1.003361493349075317e-01
-7.449848949909210205e-02
-9.108798205852508545e-02
-1.029400825500488281e-01
-1.165317147970199585e-01
-8.652784675359725952e-02
-7.836431264877319336e-02
-9.140691161155700684e-02
-6.025684252381324768e-02
-6.148166581988334656e-02
-4.598743841052055359e-02
-9.066051989793777466e-02
-8.688780665397644043e-02
-8.210539072751998901e-02
-9.717845916748046875e-02
-9.695307910442352295e-02
-7.050558924674987793e-02
-8.347586542367935181e-02
-6.367433816194534302e-02
-1.063431352376937866e-01
-1.220323964953422546e-01
-8.882338553667068481e-02
-9.787950664758682251e-02
-1.069758832454681396e-01
-7.780009508132934570e-02
-8.421991765499114990e-02
-8.254641294479370117e-02
