-1.615607142448425293e-01
-2.048777639865875244e-01
-2.098941206932067871e-01
-1.977604031562805176e-01
-2.177980542182922363e-01
-2.072479426860809326e-01
-2.138005048036575317e-01
-2.343020588159561157e-01
-2.281259298324584961e-01
-2.801484167575836182e-01
-2.293075621128082275e-01
-2.870486080646514893e-01
-2.675718069076538086e-01
-2.663051187992095947e-01
-2.551048099994659424e-01
-2.905086874961853027e-01
-2.563938796520233154e-01
-3.295962810516357422e-01
-1.837205439805984497e-01
-1.919823884963989258e-01
-1.697874665260314941e-01
-2.338652163743972778e-01
-2.333444803953170776e-01
-2.100907117128372192e-01
-2.178004533052444458e-01
-2.105709314346313477e-01
-2.197685241699218750e-01
-2.705619633197784424e-01
-2.052659839391708374e-01
-3.135527670383453369e-01
-2.709183394908905029e-01
-3.066101074218750000e-01
-2.389168292284011841e-01
-2.432432621717453003e-01
-2.549404501914978027e-01
-2.624855041503906250e-01
-7.783370465040206909e-02
-5.782283470034599304e-02
-4.600570350885391235e-02
6.010687723755836487e-02
-6.715482473373413086e-02
-7.798560708761215210e-02
-4.937801510095596313e-02
-5.665615946054458618e-02
-6.868467479944229126e-02
-5.261053144931793213e-02
-9.913216531276702881e-02
-9.485165774822235107e-02
-1.290716230869293213e-01
-8.221226185560226440e-02
-6.973495334386825562e-02
-9.084452688694000244e-02
-8.004347234964370728e-02
-1.066949218511581421e-01
-8.932637423276901245e-02
-5.316749587655067444e-02
-9.232050180435180664e-02
-4.673393070697784424e-02
-6.978723406791687012e-02
-1.664534024894237518e-02
-9.424259886145591736e-03
1.856556162238121033e-03
-9.405972808599472046e-02
-3.824620321393013000e-02
-6.076124683022499084e-02
-1.117679402232170105e-01
-5.933655053377151489e-02
-6.608358025550842285e-02
-8.268520981073379517e-02
-6.462188065052032471e-02
-7.726519554853439331e-02
-4.162683710455894470e-02
-1.359663754701614380e-01
-7.843782007694244385e-02
-4.068275541067123413e-02
-7.470224797725677490e-02
-7.868912816047668457e-02
-2.453952282667160034e-02
-1.718662120401859283e-02
-2.222081646323204041e-02
-3.370310738682746887e-02
-9.302240610122680664e-02
-7.933735102415084839e-02
-5.669672787189483643e-02
-1.199143901467323303e-01
-4.098118841648101807e-02
-7.289938628673553467e-02
-5.225066840648651123e-02
-7.307321578264236450e-02
-4.891283810138702393e-02
-4.013285040855407715e-02
-6.458881497383117676e-02
-8.140999823808670044e-03
-5.817587301135063171e-02
-5.420292727649211884e-04
-8.972321450710296631e-02
-5.846976116299629211e-02
-7.428421825170516968e-02
-5.671560019254684448e-02
-7.362063974142074585e-02
-8.406987786293029785e-02
-7.482814043760299683e-02
-7.742014527320861816e-02
-9.313050657510757446e-03
-2.574172802269458771e-02
-8.656365424394607544e-02
-3.952205926179885864e-02
-4.794520512223243713e-02
-3.666763380169868469e-02
-4.655855894088745117e-02
-5.663430690765380859e-02
-2.842384018003940582e-02
3.113553859293460846e-03
-6.168444082140922546e-02
-1.524663623422384262e-02
-6.255827844142913818e-02
-2.057774178683757782e-02
-6.657406687736511230e-02
-5.137620866298675537e-02
-1.032778322696685791e-01
-2.739157900214195251e-02
-4.475801065564155579e-02
-2.061182260513305664e-02
3.772734105587005615e-02
-5.405974760651588440e-02
-2.516006864607334137e-02
-6.165739893913269043e-02
-4.835816100239753723e-02
-5.512743443250656128e-02
-7.352977246046066284e-02
-6.205689907073974609e-02
-3.838497027754783630e-02
4.161042161285877228e-03
-2.383913472294807434e-02
7.553002983331680298e-02
-8.189526945352554321e-02
-8.303970843553543091e-02
-6.761074811220169067e-02
-6.661778688430786133e-02
-8.293814957141876221e-02
-2.425097674131393433e-02
1.510921027511358261e-02
1.286617014557123184e-02
-5.580405145883560181e-02
-1.978693716228008270e-02
-2.839278057217597961e-02
-1.236948557198047638e-02
-5.242633819580078125e-02
-1.631573960185050964e-02
-1.169862411916255951e-02
-1.373082697391510010e-01
-1.237523853778839111e-01
-1.267681866884231567e-01
-9.106831252574920654e-02
-8.722805231809616089e-02
-2.907943539321422577e-02
-1.744669303297996521e-02
5.019684135913848877e-02
-5.503920465707778931e-02
-3.827881067991256714e-02
-2.335877902805805206e-02
-1.347597315907478333e-02
-5.169699341058731079e-02
-6.523187458515167236e-02
-4.285827279090881348e-02
-4.636768251657485962e-02
-6.084234640002250671e-02
-3.955644369125366211e-02
-2.145317941904067993e-02
-1.099559944123029709e-02
-4.663731530308723450e-02
-4.573307186365127563e-02
-2.794417925179004669e-02
2.226180769503116608e-02
-5.102699249982833862e-02
-2.575497142970561981e-02
-3.532220795750617981e-02
-2.386796474456787109e-02
-3.788401931524276733e-02
-4.234893992543220520e-02
7.926085963845252991e-03
-5.745944380760192871e-02
-4.173156619071960449e-02
-3.710217773914337158e-02
3.653302043676376343e-02
-5.683278664946556091e-02
-3.343946114182472229e-02
-3.601509705185890198e-02
-2.115548774600028992e-02
-3.933500126004219055e-02
-5.299661308526992798e-02
-6.230722367763519287e-02
-5.485776811838150024e-02
-5.858151614665985107e-02
-3.366699069738388062e-02
-4.289086163043975830e-02
1.480379328131675720e-02
