-1.521446406841278076e-01
-1.957328170537948608e-01
-1.887561380863189697e-01
-1.601026654243469238e-01
-1.797921359539031982e-01
-1.461236923933029175e-01
-1.863125860691070557e-01
-1.530507206916809082e-01
-1.775382757186889648e-01
-2.264317125082015991e-01
-2.062258124351501465e-01
-2.048476785421371460e-01
-2.172116339206695557e-01
-2.190546095371246338e-01
-2.263790518045425415e-01
-2.667935490608215332e-01
-1.625463813543319702e-01
-2.997688949108123779e-01
-1.778839230537414551e-01
-1.578951030969619751e-01
-1.671101301908493042e-01
-1.941200047731399536e-01
-1.943207979202270508e-01
-2.075055688619613647e-01
-1.985825598239898682e-01
-1.607116311788558960e-01
-1.480943262577056885e-01
-2.057001143693923950e-01
-1.756752431392669678e-01
-2.556346654891967773e-01
-2.513763606548309326e-01
-2.527520060539245605e-01
-1.739151477813720703e-01
-2.230384200811386108e-01
-2.055077105760574341e-01
-2.133458852767944336e-01
-2.472134307026863098e-02
-5.985872820019721985e-03
1.260381843894720078e-02
9.191933274269104004e-02
-3.962970897555351257e-02
-8.326756954193115234e-02
-4.068550840020179749e-02
-3.600041195750236511e-02
-5.489655584096908569e-02
-3.666493669152259827e-02
-6.067043170332908630e-02
-1.110940724611282349e-01
-9.811014682054519653e-02
-4.023538157343864441e-02
-9.130387008190155029e-02
-7.413044571876525879e-02
-5.815649032592773438e-02
-8.694482594728469849e-02
-1.100891456007957458e-01
-6.761790066957473755e-02
-4.844830930233001709e-02
-3.321429714560508728e-02
-5.081925913691520691e-02
-1.289506535977125168e-02
6.972759729251265526e-05
-1.637692679651081562e-03
-3.528100252151489258e-02
-2.662133984267711639e-02
-6.113031134009361267e-02
-4.359719529747962952e-02
-4.789311438798904419e-02
-2.539084292948246002e-02
-6.425877660512924194e-02
-3.115563839673995972e-02
-6.096296757459640503e-02
-3.452920913696289062e-02
-7.707779109477996826e-02
-6.563360244035720825e-02
-4.059314727783203125e-02
-6.280981004238128662e-02
-6.503018736839294434e-02
-5.933438241481781006e-02
-2.201336994767189026e-02
-3.377974405884742737e-02
-4.417104646563529968e-02
-3.853406757116317749e-02
-4.879449307918548584e-02
-5.932392925024032593e-02
-8.717960119247436523e-02
-4.341886565089225769e-02
-4.039516299962997437e-02
-3.760952875018119812e-02
-6.511718034744262695e-02
-5.599292926490306854e-03
-4.216130450367927551e-02
8.896367624402046204e-03
-8.076086640357971191e-03
-2.011203207075595856e-02
-8.660908788442611694e-03
-5.504891276359558105e-02
-4.479291662573814392e-02
-7.727500051259994507e-02
-6.941717118024826050e-02
-6.353192031383514404e-02
-8.459813147783279419e-02
-3.816115856170654297e-02
-4.428679496049880981e-02
-2.434710040688514709e-02
-2.226734347641468048e-02
-6.175349280238151550e-02
-2.490528486669063568e-02
-3.607710823416709900e-02
-3.356229513883590698e-02
-1.565980911254882812e-02
-7.040945347398519516e-03
-3.534218296408653259e-02
1.434604264795780182e-02
-4.052183404564857483e-02
-1.030984427779912949e-02
-6.252678483724594116e-02
-1.949867978692054749e-02
-7.411240041255950928e-02
-3.824102506041526794e-02
-7.992996275424957275e-02
-3.469951450824737549e-02
4.493458941578865051e-02
1.186021510511636734e-02
3.183059394359588623e-02
-9.030213207006454468e-02
-1.532301492989063263e-02
-2.179568633437156677e-02
-4.977426677942276001e-02
-5.145120993256568909e-02
-5.662581697106361389e-02
-3.207877278327941895e-02
-2.864149771630764008e-02
1.623256690800189972e-02
7.611434906721115112e-03
7.811643928289413452e-02
-7.037692517042160034e-02
-8.008150756359100342e-02
-5.518942326307296753e-02
-4.996969550848007202e-02
-8.182550966739654541e-02
-1.692890934646129608e-02
-3.213418240193277597e-04
-2.785786753520369530e-03
-5.143746733665466309e-02
-1.708834804594516754e-02
-4.367201402783393860e-02
-9.353635832667350769e-04
1.440788991749286652e-02
-1.192753389477729797e-02
-8.496835827827453613e-03
-1.130392998456954956e-01
-1.092061549425125122e-01
-1.070432588458061218e-01
-6.389934569597244263e-02
-8.681132644414901733e-02
-1.181118004024028778e-02
1.475712284445762634e-03
3.678299859166145325e-02
-8.547869510948657990e-03
-2.635407075285911560e-02
-1.493227947503328323e-02
-6.278813816606998444e-03
-3.971336409449577332e-02
-3.018410876393318176e-02
-5.693723447620868683e-03
-4.238242283463478088e-02
-1.817970769479870796e-05
-3.254468366503715515e-02
-3.529514372348785400e-02
-1.781214028596878052e-02
6.679319194518029690e-04
-5.102680623531341553e-02
-4.060819000005722046e-02
2.541484124958515167e-02
-5.323624610900878906e-02
-4.022508859634399414e-02
-5.024908855557441711e-02
-2.008844539523124695e-02
-2.375869313254952431e-03
-3.416727483272552490e-02
8.559548296034336090e-04
-1.999997533857822418e-02
1.072530448436737061e-02
3.154549282044172287e-03
5.530171468853950500e-02
-2.432510070502758026e-02
-2.494111657142639160e-02
-2.126274444162845612e-02
-1.598109863698482513e-02
-4.094466567039489746e-02
-3.624838590621948242e-02
-5.907896533608436584e-02
-5.486975982785224915e-02
-1.451913546770811081e-02
-1.612830720841884613e-02
-2.054863981902599335e-02
2.558783814311027527e-02
