-2.892788946628570557e-01
-2.953891754150390625e-01
-2.896116077899932861e-01
-1.978245973587036133e-01
-2.343103885650634766e-01
-2.409988641738891602e-01
-2.527555823326110840e-01
-3.435311913490295410e-01
-2.611533403396606445e-01
-2.258461415767669678e-01
-2.475553900003433228e-01
-3.119166493415832520e-01
-2.266251146793365479e-01
-3.440608382225036621e-01
-2.117444872856140137e-01
-2.599660754203796387e-01
-3.496512472629547119e-01
-2.788765132427215576e-01
-2.834151387214660645e-01
-2.993887364864349365e-01
-2.307619601488113403e-01
-2.175575792789459229e-01
-1.846994459629058838e-01
-2.359554469585418701e-01
-2.677266895771026611e-01
-3.039802312850952148e-01
-2.266833335161209106e-01
-2.921901047229766846e-01
-2.193304151296615601e-01
-2.962442040443420410e-01
-2.379270941019058228e-01
-3.218207359313964844e-01
-2.756156623363494873e-01
-2.027807086706161499e-01
-2.462320923805236816e-01
-3.216682672500610352e-01
-9.937573969364166260e-02
-1.048535108566284180e-01
-8.533928543329238892e-02
-7.423928380012512207e-02
-1.584580689668655396e-01
-1.508345603942871094e-01
-1.653161495923995972e-01
-1.277683973312377930e-01
-1.507619321346282959e-01
-1.356831341981887817e-01
-1.439893394708633423e-01
-1.606930643320083618e-01
-1.779973655939102173e-01
-1.238402724266052246e-01
-1.669076979160308838e-01
-1.324635595083236694e-01
-1.742264032363891602e-01
-1.866138577461242676e-01
-1.456894576549530029e-01
-1.570056527853012085e-01
-1.406762152910232544e-01
-1.218731328845024109e-01
-1.116676628589630127e-01
-9.446538984775543213e-02
-6.211490184068679810e-02
-6.357292830944061279e-02
-1.480968296527862549e-01
-9.352841973304748535e-02
-1.406999081373214722e-01
-1.185775399208068848e-01
-1.063598021864891052e-01
-1.062417104840278625e-01
-1.374983042478561401e-01
-8.541674166917800903e-02
-1.086171269416809082e-01
-1.143115088343620300e-01
-1.205576881766319275e-01
-1.158962920308113098e-01
-1.046443060040473938e-01
-1.241661831736564636e-01
-1.393610835075378418e-01
-9.393122792243957520e-02
-6.582258641719818115e-02
-9.395642578601837158e-02
-5.760456994175910950e-02
-1.395401954650878906e-01
-1.170853227376937866e-01
-1.233778074383735657e-01
-1.433450579643249512e-01
-7.316523790359497070e-02
-1.336388587951660156e-01
-1.045446768403053284e-01
-1.202091798186302185e-01
-1.360966861248016357e-01
-1.068573147058486938e-01
-1.122378930449485779e-01
-7.390493899583816528e-02
-8.101887255907058716e-02
-9.261953830718994141e-02
-1.281418800354003906e-01
-1.074219420552253723e-01
-1.297353506088256836e-01
-1.121151745319366455e-01
-1.210177242755889893e-01
-1.477893143892288208e-01
-1.360639035701751709e-01
-1.473617404699325562e-01
-1.124317720532417297e-01
-1.067303121089935303e-01
-1.072111800312995911e-01
-8.330574631690979004e-02
-9.409001469612121582e-02
-8.353839069604873657e-02
-9.693542867898941040e-02
-9.345642477273941040e-02
-6.495901197195053101e-02
-7.455664873123168945e-02
-9.728750586509704590e-02
-5.343949794769287109e-02
-1.164486259222030640e-01
-7.361927628517150879e-02
-1.163854300975799561e-01
-5.811845138669013977e-02
-7.209350168704986572e-02
-6.112208589911460876e-02
-5.422018468379974365e-02
-2.895009703934192657e-02
-3.537501022219657898e-02
-1.014579087495803833e-01
-7.509486377239227295e-02
-9.167971462011337280e-02
-6.600517779588699341e-02
-1.145696789026260376e-01
-9.627362340688705444e-02
-7.588976621627807617e-02
-8.852640539407730103e-02
-6.001928076148033142e-02
-5.763061717152595520e-02
-1.986021175980567932e-02
-1.436108052730560303e-01
-1.232281625270843506e-01
-1.070381551980972290e-01
-1.183982491493225098e-01
-1.254847049713134766e-01
-5.868029966950416565e-02
-3.416931629180908203e-02
-2.427520975470542908e-02
-9.566880762577056885e-02
-8.300254493951797485e-02
-8.022069931030273438e-02
-8.470714837312698364e-02
-4.612667113542556763e-02
-4.078034684062004089e-02
-1.212537940591573715e-02
-1.516944319009780884e-01
-1.376647055149078369e-01
-1.383749097585678101e-01
-1.282442361116409302e-01
-1.068410202860832214e-01
-5.671881511807441711e-02
-3.932216390967369080e-02
-5.369487684220075607e-03
-1.056886166334152222e-01
-9.532926231622695923e-02
-8.902492374181747437e-02
-5.992867425084114075e-02
-9.211992472410202026e-02
-6.906959414482116699e-02
-1.099590882658958435e-01
-8.269105106592178345e-02
-1.113147810101509094e-01
-7.259587943553924561e-02
-8.449690788984298706e-02
-7.055225968360900879e-02
-1.173123270273208618e-01
-9.311266988515853882e-02
-1.108249723911285400e-01
-8.844858407974243164e-02
-1.044201999902725220e-01
-8.528719097375869751e-02
-8.635925501585006714e-02
-8.090998232364654541e-02
-4.853069782257080078e-02
-6.833239644765853882e-02
-2.194133028388023376e-02
-1.097806170582771301e-01
-1.026704013347625732e-01
-9.054391086101531982e-02
-7.459010928869247437e-02
-9.774478524923324585e-02
-8.943251520395278931e-02
-6.303922832012176514e-02
-1.023257076740264893e-01
-9.103137999773025513e-02
-8.301623910665512085e-02
-8.996517211198806763e-02
-1.012126654386520386e-01
-1.055027469992637634e-01
-9.441075474023818970e-02
-1.028086096048355103e-01
-8.317871391773223877e-02
