-2.937983572483062744e-01
-2.986261248588562012e-01
-3.228309154510498047e-01
-2.758120596408843994e-01
-2.857849299907684326e-01
-2.665952742099761963e-01
-2.983239591121673584e-01
-3.432703316211700439e-01
-3.305262625217437744e-01
-3.484220206737518311e-01
-3.052132427692413330e-01
-4.012532532215118408e-01
-3.382828235626220703e-01
-3.524719774723052979e-01
-2.820043265819549561e-01
-3.561758399009704590e-01
-4.033193588256835938e-01
-3.478920161724090576e-01
-3.100242018699645996e-01
-2.844070792198181152e-01
-2.569289505481719971e-01
-2.931401431560516357e-01
-2.427246868610382080e-01
-2.950761318206787109e-01
-3.012469410896301270e-01
-3.228048682212829590e-01
-2.888195514678955078e-01
-3.631123006343841553e-01
-2.727464735507965088e-01
-4.075637757778167725e-01
-3.343402147293090820e-01
-3.919567465782165527e-01
-3.270250260829925537e-01
-3.266976773738861084e-01
-3.381327092647552490e-01
-3.594555854797363281e-01
-8.791661262512207031e-02
-1.192710995674133301e-01
-9.145753830671310425e-02
-4.957397654652595520e-02
-1.702505946159362793e-01
-1.819970905780792236e-01
-1.679244488477706909e-01
-1.312980353832244873e-01
-1.532955616712570190e-01
-1.127129718661308289e-01
-1.595119237899780273e-01
-1.911457329988479614e-01
-1.708648949861526489e-01
-1.488307118415832520e-01
-1.616923213005065918e-01
-1.302216649055480957e-01
-1.482700705528259277e-01
-1.741876006126403809e-01
-1.573189049959182739e-01
-1.723440289497375488e-01
-1.389921307563781738e-01
-1.026226580142974854e-01
-1.062865480780601501e-01
-9.876686334609985352e-02
-5.777389928698539734e-02
-3.834858909249305725e-02
-1.553720831871032715e-01
-8.989933878183364868e-02
-1.322344690561294556e-01
-1.578827798366546631e-01
-8.628273755311965942e-02
-1.414529234170913696e-01
-1.305572688579559326e-01
-1.003652587532997131e-01
-1.357543468475341797e-01
-9.333538264036178589e-02
-1.476750075817108154e-01
-1.293584704399108887e-01
-1.213637366890907288e-01
-1.476051807403564453e-01
-1.267595887184143066e-01
-1.048922985792160034e-01
-6.724100559949874878e-02
-1.296152919530868530e-01
-6.819492578506469727e-02
-1.306223124265670776e-01
-1.370540410280227661e-01
-1.157703325152397156e-01
-1.607569903135299683e-01
-5.881411582231521606e-02
-1.379702538251876831e-01
-1.050557568669319153e-01
-1.271188855171203613e-01
-1.090424731373786926e-01
-9.139283746480941772e-02
-1.002873256802558899e-01
-7.849798351526260376e-02
-8.657376468181610107e-02
-5.074422806501388550e-02
-1.625820249319076538e-01
-1.121681183576583862e-01
-1.339664161205291748e-01
-1.181590110063552856e-01
-1.022288799285888672e-01
-1.613491624593734741e-01
-1.182992532849311829e-01
-1.220709681510925293e-01
-8.491301536560058594e-02
-8.605040609836578369e-02
-1.029561907052993774e-01
-7.337277382612228394e-02
-7.590851187705993652e-02
-6.038222834467887878e-02
-1.241499260067939758e-01
-1.109350025653839111e-01
-5.323130637407302856e-02
-3.979578614234924316e-02
-9.363425523042678833e-02
-3.277527913451194763e-02
-1.014835685491561890e-01
-3.206354007124900818e-02
-1.014247387647628784e-01
-8.614354580640792847e-02
-1.101519837975502014e-01
-5.281322821974754333e-02
-6.798231601715087891e-02
-2.146850712597370148e-02
6.901602027937769890e-04
-1.310651004314422607e-01
-5.851707234978675842e-02
-1.158775538206100464e-01
-7.240290194749832153e-02
-9.905239939689636230e-02
-1.288050115108489990e-01
-8.609680831432342529e-02
-6.316380947828292847e-02
-6.543256342411041260e-02
-3.478214517235755920e-02
1.930135674774646759e-02
-1.293194442987442017e-01
-1.236185729503631592e-01
-1.098104864358901978e-01
-1.323506683111190796e-01
-1.178943738341331482e-01
-8.152408897876739502e-02
-1.351875346153974533e-02
-6.150196772068738937e-03
-9.456925094127655029e-02
-5.588319897651672363e-02
-8.614152669906616211e-02
-5.247921124100685120e-02
-8.509414643049240112e-02
-2.126173302531242371e-02
-1.049573346972465515e-02
-1.600505262613296509e-01
-1.524993926286697388e-01
-1.674644798040390015e-01
-1.504118442535400391e-01
-1.214871853590011597e-01
-8.140082657337188721e-02
-3.553254529833793640e-02
1.177084445953369141e-02
-9.517081826925277710e-02
-8.215951174497604370e-02
-6.060783192515373230e-02
-4.923930391669273376e-02
-9.927120804786682129e-02
-8.857282251119613647e-02
-8.740366250276565552e-02
-6.519912183284759521e-02
-8.919285982847213745e-02
-5.022198706865310669e-02
-8.886025846004486084e-02
-4.033071920275688171e-02
-9.671346098184585571e-02
-7.639970630407333374e-02
-8.944303542375564575e-02
-4.277548938989639282e-02
-1.019833385944366455e-01
-5.670237168669700623e-02
-7.696025818586349487e-02
-5.846878513693809509e-02
-3.131342306733131409e-02
-5.382362008094787598e-02
-4.791318904608488083e-03
-8.925222605466842651e-02
-9.559573233127593994e-02
-1.003086194396018982e-01
-3.486463427543640137e-02
-1.120382994413375854e-01
-9.912936389446258545e-02
-6.320973485708236694e-02
-4.655311629176139832e-02
-7.539905607700347900e-02
-6.829750537872314453e-02
-9.322797507047653198e-02
-7.179603725671768188e-02
-1.033592596650123596e-01
-7.873342186212539673e-02
-9.319529682397842407e-02
-5.158935487270355225e-02
