-2.671894729137420654e-01
-2.642923295497894287e-01
-2.952415049076080322e-01
-2.364947795867919922e-01
-2.714426815509796143e-01
-2.575409412384033203e-01
-3.107572793960571289e-01
-3.669103384017944336e-01
-2.922520637512207031e-01
-2.699958384037017822e-01
-2.851681113243103027e-01
-3.989347219467163086e-01
-2.990619540214538574e-01
-3.556435108184814453e-01
-2.304580509662628174e-01
-3.199784159660339355e-01
-3.845702111721038818e-01
-3.107929527759552002e-01
-2.870233058929443359e-01
-2.970934212207794189e-01
-2.892110049724578857e-01
-2.389755994081497192e-01
-2.126894295215606689e-01
-2.988858222961425781e-01
-3.010626733303070068e-01
-3.149536848068237305e-01
-2.410878539085388184e-01
-3.537641763687133789e-01
-2.686562836170196533e-01
-3.331124484539031982e-01
-2.993382811546325684e-01
-3.681983649730682373e-01
-3.251397907733917236e-01
-2.714350521564483643e-01
-3.073800206184387207e-01
-3.323568999767303467e-01
-1.022406145930290222e-01
-9.894801676273345947e-02
-6.938394159078598022e-02
-8.004108816385269165e-02
-1.574348360300064087e-01
-1.472226083278656006e-01
-1.551913917064666748e-01
-1.303030997514724731e-01
-1.869902610778808594e-01
-1.275705844163894653e-01
-1.561259180307388306e-01
-1.678824275732040405e-01
-1.556441485881805420e-01
-1.344898045063018799e-01
-1.594797670841217041e-01
-1.394424885511398315e-01
-1.609355062246322632e-01
-1.687224805355072021e-01
-1.501879841089248657e-01
-1.800837665796279907e-01
-1.285888850688934326e-01
-1.369457393884658813e-01
-1.057181358337402344e-01
-1.146121248602867126e-01
-5.632676929235458374e-02
-5.742203444242477417e-02
-1.437281966209411621e-01
-9.949218481779098511e-02
-1.242044121026992798e-01
-1.410805135965347290e-01
-1.214614734053611755e-01
-1.458768844604492188e-01
-1.340948194265365601e-01
-1.054730191826820374e-01
-1.254132986068725586e-01
-1.226040944457054138e-01
-1.262431442737579346e-01
-1.365629583597183228e-01
-1.157160699367523193e-01
-1.201808601617813110e-01
-1.450420469045639038e-01
-9.917726367712020874e-02
-6.254187226295471191e-02
-9.882595390081405640e-02
-9.729576110839843750e-02
-1.224652007222175598e-01
-1.276475191116333008e-01
-1.090623810887336731e-01
-1.517217010259628296e-01
-9.720657765865325928e-02
-1.509698182344436646e-01
-1.013127788901329041e-01
-1.395674645900726318e-01
-1.392372399568557739e-01
-1.191791892051696777e-01
-1.182585731148719788e-01
-7.580991834402084351e-02
-9.504733979701995850e-02
-8.982633799314498901e-02
-1.630710810422897339e-01
-1.174213737249374390e-01
-1.466169655323028564e-01
-1.395060569047927856e-01
-1.320790350437164307e-01
-1.661896705627441406e-01
-1.337195783853530884e-01
-1.535132229328155518e-01
-1.076279655098915100e-01
-1.154919192194938660e-01
-1.032224744558334351e-01
-8.984085172414779663e-02
-8.838311582803726196e-02
-1.012933850288391113e-01
-1.058288365602493286e-01
-1.048397719860076904e-01
-6.309169530868530273e-02
-8.685755729675292969e-02
-8.852279186248779297e-02
-7.909058034420013428e-02
-1.073584482073783875e-01
-6.578895449638366699e-02
-9.740331023931503296e-02
-7.684207707643508911e-02
-6.611695885658264160e-02
-6.597784906625747681e-02
-6.026544794440269470e-02
-3.314830735325813293e-02
-1.586705632507801056e-02
-1.002116426825523376e-01
-7.035879790782928467e-02
-1.113391667604446411e-01
-9.694326668977737427e-02
-1.034687757492065430e-01
-1.213320344686508179e-01
-8.406870812177658081e-02
-1.013272479176521301e-01
-7.007875293493270874e-02
-4.003069922327995300e-02
-1.755428314208984375e-02
-1.512502878904342651e-01
-1.566233932971954346e-01
-1.274656504392623901e-01
-1.501389592885971069e-01
-1.305150538682937622e-01
-5.578757449984550476e-02
-4.036431759595870972e-02
-2.894091419875621796e-02
-1.053720787167549133e-01
-8.600793033838272095e-02
-7.884278893470764160e-02
-8.610701560974121094e-02
-6.557905673980712891e-02
-2.524062246084213257e-02
-3.029344230890274048e-02
-1.837480813264846802e-01
-1.300481557846069336e-01
-1.433105915784835815e-01
-1.491181999444961548e-01
-1.228350028395652771e-01
-6.411436200141906738e-02
-4.346586018800735474e-02
-9.858160279691219330e-03
-1.228864714503288269e-01
-9.481989592313766479e-02
-7.188234478235244751e-02
-7.250332087278366089e-02
-9.602592140436172485e-02
-1.239037662744522095e-01
-8.578362315893173218e-02
-1.108420938253402710e-01
-1.069614514708518982e-01
-7.339322566986083984e-02
-9.609828889369964600e-02
-7.077723741531372070e-02
-8.211857080459594727e-02
-9.722544252872467041e-02
-9.794665873050689697e-02
-5.974534526467323303e-02
-1.411447972059249878e-01
-9.826915711164474487e-02
-1.015559285879135132e-01
-7.188972830772399902e-02
-4.077209532260894775e-02
-5.894878134131431580e-02
-5.440839752554893494e-02
-1.248383074998855591e-01
-8.470499515533447266e-02
-7.877781242132186890e-02
-8.245846629142761230e-02
-9.605385363101959229e-02
-8.399839699268341064e-02
-7.508350163698196411e-02
-7.998708635568618774e-02
-1.121885105967521667e-01
-9.254164248704910278e-02
-1.042770445346832275e-01
-1.104566529393196106e-01
-1.126664429903030396e-01
-8.241527527570724487e-02
-1.015311628580093384e-01
-6.871441751718521118e-02
