-2.703856229782104492e-01
-3.056758940219879150e-01
-3.013260066509246826e-01
-2.491784095764160156e-01
-2.904909253120422363e-01
-2.659618854522705078e-01
-3.080061376094818115e-01
-3.668486177921295166e-01
-3.249411284923553467e-01
-3.504703044891357422e-01
-2.839626669883728027e-01
-3.907830417156219482e-01
-3.209622502326965332e-01
-3.552860319614410400e-01
-2.873980402946472168e-01
-3.584630489349365234e-01
-3.918190598487854004e-01
-3.683823347091674805e-01
-2.876715362071990967e-01
-3.328391909599304199e-01
-2.600797712802886963e-01
-2.849040627479553223e-01
-2.555530071258544922e-01
-3.046800792217254639e-01
-2.755772471427917480e-01
-3.082508742809295654e-01
-2.729688584804534912e-01
-3.473425507545471191e-01
-2.744734287261962891e-01
-3.898906409740447998e-01
-3.459061682224273682e-01
-4.205785989761352539e-01
-3.291846513748168945e-01
-3.152086138725280762e-01
-3.532179296016693115e-01
-3.900638818740844727e-01
-8.553217351436614990e-02
-1.034322977066040039e-01
-9.476620703935623169e-02
-3.979082033038139343e-02
-1.470843255519866943e-01
-1.340648382902145386e-01
-1.376920491456985474e-01
-1.312794089317321777e-01
-1.549899280071258545e-01
-1.101850271224975586e-01
-1.806527227163314819e-01
-1.805684268474578857e-01
-1.711413413286209106e-01
-1.421002894639968872e-01
-1.643951386213302612e-01
-1.409474313259124756e-01
-1.473239064216613770e-01
-1.739024519920349121e-01
-1.451776772737503052e-01
-1.634898930788040161e-01
-1.323935985565185547e-01
-1.039216518402099609e-01
-1.075635477900505066e-01
-8.051940053701400757e-02
-4.779510945081710815e-02
-4.063966497778892517e-02
-1.298405528068542480e-01
-8.030267804861068726e-02
-1.237539723515510559e-01
-1.626529693603515625e-01
-8.889370411634445190e-02
-1.191369593143463135e-01
-1.305602639913558960e-01
-9.284639358520507812e-02
-9.186420589685440063e-02
-9.901318699121475220e-02
-1.377857327461242676e-01
-9.699128568172454834e-02
-1.034347340464591980e-01
-1.324317604303359985e-01
-1.354724615812301636e-01
-1.280043274164199829e-01
-4.670250043272972107e-02
-1.086009517312049866e-01
-6.362935900688171387e-02
-1.273729056119918823e-01
-1.335751563310623169e-01
-1.029279306530952454e-01
-1.276029646396636963e-01
-6.196849048137664795e-02
-1.366002410650253296e-01
-9.169752150774002075e-02
-1.309506446123123169e-01
-1.029242873191833496e-01
-9.184322506189346313e-02
-9.971509873867034912e-02
-7.344721257686614990e-02
-7.395436614751815796e-02
-4.922007024288177490e-02
-1.168159693479537964e-01
-1.205541193485260010e-01
-1.504124850034713745e-01
-1.098208576440811157e-01
-1.143484711647033691e-01
-1.477508246898651123e-01
-1.211308911442756653e-01
-1.200587451457977295e-01
-9.812895953655242920e-02
-7.827872037887573242e-02
-1.156477183103561401e-01
-5.788651108741760254e-02
-7.648976147174835205e-02
-7.168580591678619385e-02
-1.047889590263366699e-01
-7.710855454206466675e-02
-6.693110615015029907e-02
-3.012951463460922241e-02
-9.005750715732574463e-02
-5.438908562064170837e-02
-1.010958179831504822e-01
-3.830162063241004944e-02
-1.145471483469009399e-01
-7.032677531242370605e-02
-9.242848306894302368e-02
-5.384788662195205688e-02
-9.185561537742614746e-02
-4.346463829278945923e-02
9.834069758653640747e-03
-1.187345981597900391e-01
-5.685856565833091736e-02
-8.972106873989105225e-02
-7.010500133037567139e-02
-1.146296188235282898e-01
-1.095320954918861389e-01
-7.860875874757766724e-02
-7.190339267253875732e-02
-5.404788255691528320e-02
-2.357976697385311127e-02
2.614838257431983948e-02
-1.342721134424209595e-01
-1.253168582916259766e-01
-1.199543103575706482e-01
-1.265994906425476074e-01
-1.154913082718849182e-01
-5.235266685485839844e-02
-1.279043685644865036e-02
-1.197193097323179245e-02
-1.098129078745841980e-01
-4.391482472419738770e-02
-9.063382446765899658e-02
-5.543768405914306641e-02
-7.141538709402084351e-02
-1.414316985756158829e-02
-1.505753258243203163e-03
-1.764806956052780151e-01
-1.468881070613861084e-01
-1.396723091602325439e-01
-1.202726960182189941e-01
-1.205643266439437866e-01
-5.671660229563713074e-02
-3.435356169939041138e-02
2.455104701220989227e-02
-1.179396882653236389e-01
-8.020088821649551392e-02
-6.397283077239990234e-02
-3.584570810198783875e-02
-9.651274234056472778e-02
-1.042105555534362793e-01
-9.177431464195251465e-02
-8.161625266075134277e-02
-8.493167161941528320e-02
-5.707501992583274841e-02
-8.526256680488586426e-02
-5.021314695477485657e-02
-1.034540906548500061e-01
-7.194250822067260742e-02
-8.835040777921676636e-02
-3.764908015727996826e-02
-1.057524234056472778e-01
-6.093230843544006348e-02
-7.505602389574050903e-02
-6.983226537704467773e-02
-4.028822109103202820e-02
-5.533979833126068115e-02
-1.053285691887140274e-02
-1.143314689397811890e-01
-8.643292635679244995e-02
-7.891466468572616577e-02
-2.095887251198291779e-02
-1.116174459457397461e-01
-7.076448947191238403e-02
-6.108378246426582336e-02
-5.371958017349243164e-02
-8.661691099405288696e-02
-7.056564837694168091e-02
-7.290396094322204590e-02
-8.280231803655624390e-02
-9.228528290987014771e-02
-7.982482016086578369e-02
-8.994830399751663208e-02
-5.794549360871315002e-02
