-2.152690738439559937e-01
-2.125949412584304810e-01
-2.545326054096221924e-01
-2.245325893163681030e-01
-2.358507812023162842e-01
-2.222860753536224365e-01
-2.527163028717041016e-01
-2.959162890911102295e-01
-2.677157223224639893e-01
-3.071663975715637207e-01
-2.749530076980590820e-01
-3.307636976242065430e-01
-2.856177687644958496e-01
-3.395670950412750244e-01
-2.721340060234069824e-01
-3.313198089599609375e-01
-3.138858079910278320e-01
-3.580176830291748047e-01
-2.553449571132659912e-01
-2.580963969230651855e-01
-2.267867624759674072e-01
-2.688957452774047852e-01
-2.583290636539459229e-01
-2.538517713546752930e-01
-2.524554729461669922e-01
-2.639806866645812988e-01
-2.722308337688446045e-01
-2.972575426101684570e-01
-2.487162947654724121e-01
-3.559936583042144775e-01
-3.046221137046813965e-01
-3.383833467960357666e-01
-2.578390836715698242e-01
-3.007584810256958008e-01
-3.024368584156036377e-01
-3.446160554885864258e-01
-5.912304297089576721e-02
-6.404170393943786621e-02
-3.655606508255004883e-02
1.900050230324268341e-02
-1.306150853633880615e-01
-1.314970254898071289e-01
-7.213554531335830688e-02
-9.198050945997238159e-02
-9.505082666873931885e-02
-7.125426828861236572e-02
-1.165982112288475037e-01
-1.295907646417617798e-01
-1.354708522558212280e-01
-1.111510843038558960e-01
-1.340007930994033813e-01
-1.022442653775215149e-01
-1.145947575569152832e-01
-1.216275468468666077e-01
-1.200305670499801636e-01
-1.174526736140251160e-01
-1.067247688770294189e-01
-6.509712338447570801e-02
-8.509049564599990845e-02
-8.510473370552062988e-02
-2.713730186223983765e-02
-1.725416071712970734e-02
-1.250871866941452026e-01
-5.101011320948600769e-02
-9.213384985923767090e-02
-1.006507724523544312e-01
-6.356332451105117798e-02
-1.145947203040122986e-01
-8.659213781356811523e-02
-6.941645592451095581e-02
-7.474047690629959106e-02
-6.766916811466217041e-02
-9.435357898473739624e-02
-9.648030996322631836e-02
-6.747437268495559692e-02
-1.052478477358818054e-01
-1.107825189828872681e-01
-9.366814047098159790e-02
-3.849924355745315552e-02
-1.075297296047210693e-01
-4.382649809122085571e-02
-1.514635235071182251e-01
-9.083838015794754028e-02
-1.012054234743118286e-01
-1.250246614217758179e-01
-5.007770657539367676e-02
-1.028102263808250427e-01
-7.262691855430603027e-02
-9.071587771177291870e-02
-7.341112196445465088e-02
-7.003437727689743042e-02
-7.036962360143661499e-02
-4.673697426915168762e-02
-6.092708930373191833e-02
-8.416375145316123962e-03
-1.104122251272201538e-01
-9.203621745109558105e-02
-8.468837291002273560e-02
-8.679461479187011719e-02
-7.710920274257659912e-02
-1.026673614978790283e-01
-8.353023976087570190e-02
-9.065522998571395874e-02
-4.293083399534225464e-02
-5.668994784355163574e-02
-8.537875115871429443e-02
-3.696766495704650879e-02
-7.538866251707077026e-02
-3.695394098758697510e-02
-6.766989082098007202e-02
-6.690806150436401367e-02
-2.869657054543495178e-02
-1.111889956519007683e-03
-1.006601825356483459e-01
-3.239719569683074951e-02
-8.913251757621765137e-02
-1.513621583580970764e-02
-1.060267463326454163e-01
-5.725596845149993896e-02
-7.808429747819900513e-02
-3.679031133651733398e-02
-3.467454016208648682e-02
-2.702975831925868988e-02
2.596125751733779907e-02
-7.738466560840606689e-02
-3.704144433140754700e-02
-9.061045199632644653e-02
-5.994809046387672424e-02
-9.073909372091293335e-02
-9.000503271818161011e-02
-5.648670345544815063e-02
-4.550649598240852356e-02
-2.425898052752017975e-02
-1.580886170268058777e-02
7.105270773172378540e-02
-9.388843923807144165e-02
-8.373879641294479370e-02
-8.830770105123519897e-02
-1.108564585447311401e-01
-1.048213541507720947e-01
-5.065967887639999390e-02
-2.160025388002395630e-02
1.556469593197107315e-02
-7.063066214323043823e-02
-4.307221993803977966e-02
-6.309320032596588135e-02
-3.083218075335025787e-02
-6.290573626756668091e-02
-5.871431902050971985e-03
-4.116497002542018890e-03
-1.346999108791351318e-01
-1.377449929714202881e-01
-1.420690268278121948e-01
-1.118207871913909912e-01
-9.934531152248382568e-02
-4.142212867736816406e-02
-1.406614854931831360e-02
4.463232681155204773e-02
-8.192666620016098022e-02
-5.405656248331069946e-02
-3.385938331484794617e-02
-1.392648555338382721e-02
-7.194741070270538330e-02
-6.401375681161880493e-02
-6.983872503042221069e-02
-6.495186686515808105e-02
-6.182532384991645813e-02
-2.668318524956703186e-02
-5.711819976568222046e-02
-2.669165842235088348e-02
-5.586258322000503540e-02
-5.062444880604743958e-02
-6.520118564367294312e-02
1.760000828653573990e-03
-6.448195129632949829e-02
-4.196697100996971130e-02
-7.361137121915817261e-02
-3.901549056172370911e-02
-3.125956654548645020e-02
-4.476644843816757202e-02
2.862337278202176094e-03
-6.185769662261009216e-02
-5.100724101066589355e-02
-6.029121950268745422e-02
2.421124652028083801e-02
-8.771153539419174194e-02
-6.970281898975372314e-02
-3.471054881811141968e-02
-2.714690193533897400e-02
-7.544773817062377930e-02
-7.104718685150146484e-02
-6.291216611862182617e-02
-7.055377960205078125e-02
-8.579184114933013916e-02
-4.927762597799301147e-02
-7.662012428045272827e-02
2.961786929517984390e-03
