-2.689050734043121338e-01
-3.150370121002197266e-01
-2.790210843086242676e-01
-2.219150513410568237e-01
-2.564532756805419922e-01
-2.573343813419342041e-01
-2.837322652339935303e-01
-3.644382655620574951e-01
-2.819285094738006592e-01
-2.600890398025512695e-01
-2.678927183151245117e-01
-3.476615846157073975e-01
-2.675404250621795654e-01
-3.308936655521392822e-01
-2.142934799194335938e-01
-2.656205296516418457e-01
-3.381806612014770508e-01
-3.079237937927246094e-01
-2.819993197917938232e-01
-3.016310930252075195e-01
-2.567177116870880127e-01
-2.399252951145172119e-01
-1.971815079450607300e-01
-2.610612213611602783e-01
-2.734717428684234619e-01
-3.017926514148712158e-01
-2.237401008605957031e-01
-2.935671806335449219e-01
-2.416179627180099487e-01
-3.161120116710662842e-01
-2.818446159362792969e-01
-3.261938691139221191e-01
-2.951634228229522705e-01
-2.317976355552673340e-01
-2.629216611385345459e-01
-3.108382225036621094e-01
-7.604888081550598145e-02
-9.881756454706192017e-02
-9.263505786657333374e-02
-9.093362092971801758e-02
-1.482922881841659546e-01
-1.603620350360870361e-01
-1.424668580293655396e-01
-1.440158188343048096e-01
-1.584984213113784790e-01
-1.464114040136337280e-01
-1.722845733165740967e-01
-1.548928767442703247e-01
-1.541213840246200562e-01
-1.223281696438789368e-01
-1.508982628583908081e-01
-1.481143832206726074e-01
-1.626251041889190674e-01
-1.668619364500045776e-01
-1.651257574558258057e-01
-1.602651178836822510e-01
-1.376569569110870361e-01
-1.404996514320373535e-01
-9.965995699167251587e-02
-9.890672564506530762e-02
-6.273053586483001709e-02
-6.014693900942802429e-02
-1.115365698933601379e-01
-1.208650618791580200e-01
-1.427859514951705933e-01
-1.287476867437362671e-01
-1.243270188570022583e-01
-1.312109529972076416e-01
-1.185621544718742371e-01
-1.134581491351127625e-01
-1.047602072358131409e-01
-1.092645972967147827e-01
-1.176287308335304260e-01
-1.273476630449295044e-01
-1.146815940737724304e-01
-1.311207562685012817e-01
-1.398617476224899292e-01
-1.116287186741828918e-01
-6.621811538934707642e-02
-1.059320494532585144e-01
-8.537640422582626343e-02
-8.927854895591735840e-02
-1.144966855645179749e-01
-1.174812018871307373e-01
-1.441804021596908569e-01
-9.138306230306625366e-02
-1.431514918804168701e-01
-1.068032830953598022e-01
-1.224811598658561707e-01
-1.257115155458450317e-01
-1.179945245385169983e-01
-9.268739074468612671e-02
-8.364705741405487061e-02
-9.731742739677429199e-02
-8.806383609771728516e-02
-1.437622755765914917e-01
-1.140234842896461487e-01
-1.360739916563034058e-01
-1.176093891263008118e-01
-1.083017289638519287e-01
-1.259470731019973755e-01
-1.422676891088485718e-01
-1.161929965019226074e-01
-1.124955490231513977e-01
-1.016472205519676208e-01
-1.142921522259712219e-01
-8.793282508850097656e-02
-9.296426177024841309e-02
-8.302240073680877686e-02
-1.088981106877326965e-01
-9.414055198431015015e-02
-7.817980647087097168e-02
-9.435202926397323608e-02
-9.681060165166854858e-02
-7.391254603862762451e-02
-1.291473209857940674e-01
-7.432820647954940796e-02
-1.291414797306060791e-01
-8.889862895011901855e-02
-9.442446380853652954e-02
-8.201079070568084717e-02
-4.978654533624649048e-02
-3.138741478323936462e-02
-1.796931773424148560e-02
-1.259057968854904175e-01
-6.759654730558395386e-02
-1.039699241518974304e-01
-1.052739173173904419e-01
-9.927675873041152954e-02
-8.614382892847061157e-02
-1.024018377065658569e-01
-8.637519180774688721e-02
-6.000382453203201294e-02
-2.513733506202697754e-02
-1.208656001836061478e-02
-1.323745101690292358e-01
-1.591068953275680542e-01
-1.195024922490119934e-01
-1.309122145175933838e-01
-1.284735649824142456e-01
-4.855077713727951050e-02
-2.236606366932392120e-02
-2.450056187808513641e-02
-9.308169782161712646e-02
-7.995165884494781494e-02
-9.515238553285598755e-02
-7.648708671331405640e-02
-6.817781925201416016e-02
-1.725250296294689178e-02
-3.028982691466808319e-02
-1.853854060173034668e-01
-1.303106397390365601e-01
-1.602077931165695190e-01
-1.326924711465835571e-01
-1.142650246620178223e-01
-4.918964207172393799e-02
-3.842103853821754456e-02
-1.105932891368865967e-02
-1.083197444677352905e-01
-8.026332408189773560e-02
-9.528183192014694214e-02
-6.913617253303527832e-02
-9.520410001277923584e-02
-9.591040015220642090e-02
-7.844123244285583496e-02
-9.968763589859008789e-02
-1.183580011129379272e-01
-7.975573092699050903e-02
-9.277484565973281860e-02
-7.767789065837860107e-02
-8.205442130565643311e-02
-6.296332925558090210e-02
-9.848979860544204712e-02
-6.558139622211456299e-02
-1.137316599488258362e-01
-7.259871810674667358e-02
-8.250319212675094604e-02
-7.612431794404983521e-02
-6.295430660247802734e-02
-5.476766079664230347e-02
-4.926167801022529602e-02
-6.598991155624389648e-02
-1.093669012188911438e-01
-9.891925007104873657e-02
-8.469456434249877930e-02
-9.921632707118988037e-02
-8.988001197576522827e-02
-7.083906233310699463e-02
-8.228661864995956421e-02
-9.102553874254226685e-02
-8.816169202327728271e-02
-7.289592176675796509e-02
-9.794464707374572754e-02
-1.076852157711982727e-01
-8.997954428195953369e-02
-9.256178885698318481e-02
-8.283597975969314575e-02
