-3.275645077228546143e-01
-3.240872025489807129e-01
-3.059929609298706055e-01
-2.668733298778533936e-01
-2.905706465244293213e-01
-2.623112797737121582e-01
-3.069495856761932373e-01
-3.618636429309844971e-01
-3.012225031852722168e-01
-3.230137526988983154e-01
-2.826050519943237305e-01
-3.797587156295776367e-01
-3.232117891311645508e-01
-3.567044734954833984e-01
-2.910143733024597168e-01
-3.540169894695281982e-01
-3.941420018672943115e-01
-3.621457219123840332e-01
-3.243656158447265625e-01
-3.159304857254028320e-01
-2.754026949405670166e-01
-2.854032218456268311e-01
-2.417423129081726074e-01
-2.819521427154541016e-01
-2.956945300102233887e-01
-3.497329652309417725e-01
-3.036692142486572266e-01
-3.547832369804382324e-01
-2.695846557617187500e-01
-3.905310034751892090e-01
-3.262584507465362549e-01
-3.868088424205780029e-01
-3.361328244209289551e-01
-3.001116216182708740e-01
-3.265850543975830078e-01
-3.857268691062927246e-01
-8.045458048582077026e-02
-8.377750217914581299e-02
-8.842772990465164185e-02
-4.204868525266647339e-02
-1.633414775133132935e-01
-1.558697670698165894e-01
-1.528398394584655762e-01
-1.411591023206710815e-01
-1.318513303995132446e-01
-1.123910844326019287e-01
-1.756274104118347168e-01
-2.055163085460662842e-01
-1.702381372451782227e-01
-1.260456144809722900e-01
-1.644604504108428955e-01
-1.306619048118591309e-01
-1.438112705945968628e-01
-1.574949920177459717e-01
-1.583046764135360718e-01
-1.656449586153030396e-01
-1.185344681143760681e-01
-1.114893630146980286e-01
-1.036250367760658264e-01
-9.003144502639770508e-02
-4.969695955514907837e-02
-3.703892230987548828e-02
-1.336317360401153564e-01
-9.676612168550491333e-02
-1.342656761407852173e-01
-1.409024745225906372e-01
-1.003666669130325317e-01
-1.237350106239318848e-01
-1.418621689081192017e-01
-1.066841930150985718e-01
-1.164743453264236450e-01
-8.633513748645782471e-02
-1.388913542032241821e-01
-1.193129271268844604e-01
-1.066250503063201904e-01
-1.476253718137741089e-01
-1.361796855926513672e-01
-9.021240472793579102e-02
-7.009823620319366455e-02
-1.100805997848510742e-01
-6.655938178300857544e-02
-1.077375411987304688e-01
-1.411608606576919556e-01
-1.046028733253479004e-01
-1.548403948545455933e-01
-6.593733280897140503e-02
-1.062876433134078979e-01
-8.995565772056579590e-02
-1.244778931140899658e-01
-1.219861209392547607e-01
-9.335017204284667969e-02
-9.347467869520187378e-02
-6.817996501922607422e-02
-8.532757312059402466e-02
-5.109422281384468079e-02
-1.400055140256881714e-01
-1.270441561937332153e-01
-1.733097732067108154e-01
-1.364830136299133301e-01
-1.041191369295120239e-01
-1.554056107997894287e-01
-1.250818371772766113e-01
-1.251123696565628052e-01
-8.938166499137878418e-02
-9.676408767700195312e-02
-1.076433882117271423e-01
-6.313057243824005127e-02
-9.437709301710128784e-02
-6.393117457628250122e-02
-1.093998923897743225e-01
-9.145011007785797119e-02
-8.210483938455581665e-02
-4.225525259971618652e-02
-8.885172754526138306e-02
-5.516213178634643555e-02
-9.192295372486114502e-02
-4.353554919362068176e-02
-1.010122746229171753e-01
-9.144598990678787231e-02
-1.115261167287826538e-01
-5.444676801562309265e-02
-6.757558882236480713e-02
-4.023227840662002563e-02
1.336575765162706375e-02
-9.512789547443389893e-02
-6.248151510953903198e-02
-1.038873195648193359e-01
-7.440374046564102173e-02
-9.793555736541748047e-02
-9.470210969448089600e-02
-7.840970903635025024e-02
-7.720637321472167969e-02
-7.395783811807632446e-02
-4.363980889320373535e-02
4.730166867375373840e-03
-1.294312477111816406e-01
-1.338262408971786499e-01
-1.018805503845214844e-01
-1.347414553165435791e-01
-1.167881637811660767e-01
-4.754316061735153198e-02
-2.881285361945629120e-02
-7.105213124305009842e-03
-1.074273884296417236e-01
-8.975024521350860596e-02
-8.951800316572189331e-02
-5.856635048985481262e-02
-6.395491957664489746e-02
-2.375493757426738739e-02
-4.520644433796405792e-03
-1.912268996238708496e-01
-1.849192380905151367e-01
-1.738874018192291260e-01
-1.506667435169219971e-01
-1.179264634847640991e-01
-6.013753265142440796e-02
-2.895309403538703918e-02
6.049092393368482590e-03
-1.256331354379653931e-01
-1.111436784267425537e-01
-7.118329405784606934e-02
-4.123104363679885864e-02
-1.026360988616943359e-01
-1.138920411467552185e-01
-1.107365936040878296e-01
-6.942256540060043335e-02
-1.056556403636932373e-01
-8.801564574241638184e-02
-7.943756133317947388e-02
-3.930635005235671997e-02
-1.049926355481147766e-01
-1.141851320862770081e-01
-7.496366649866104126e-02
-5.022188648581504822e-02
-9.642290323972702026e-02
-9.511775523424148560e-02
-7.233487069606781006e-02
-6.194402649998664856e-02
-3.839060664176940918e-02
-4.850806295871734619e-02
-1.361186616122722626e-02
-1.260377466678619385e-01
-9.346607327461242676e-02
-7.974985241889953613e-02
-4.713171347975730896e-02
-1.054841727018356323e-01
-8.755207806825637817e-02
-6.146253272891044617e-02
-4.817811772227287292e-02
-9.748633950948715210e-02
-9.775293618440628052e-02
-9.978465735912322998e-02
-8.211512118577957153e-02
-1.073030456900596619e-01
-6.416144222021102905e-02
-7.825407385826110840e-02
-6.873044371604919434e-02
