-3.012457787990570068e-01
-2.617455124855041504e-01
-2.857452630996704102e-01
-2.264600694179534912e-01
-2.347189933061599731e-01
-2.466807812452316284e-01
-2.879151403903961182e-01
-3.488861322402954102e-01
-2.918621599674224854e-01
-2.681092321872711182e-01
-2.631354331970214844e-01
-3.487079441547393799e-01
-2.710562646389007568e-01
-3.252624869346618652e-01
-2.515900135040283203e-01
-2.872160971164703369e-01
-3.271313011646270752e-01
-2.896170318126678467e-01
-2.599925994873046875e-01
-3.071464598178863525e-01
-2.620059847831726074e-01
-2.322704195976257324e-01
-2.059741765260696411e-01
-2.723255157470703125e-01
-2.609790861606597900e-01
-3.064649403095245361e-01
-2.459567189216613770e-01
-3.130396604537963867e-01
-2.349073439836502075e-01
-3.124231696128845215e-01
-2.744272351264953613e-01
-3.236792683601379395e-01
-2.909926772117614746e-01
-2.429310530424118042e-01
-2.639365494251251221e-01
-3.486841619014739990e-01
-8.534126728773117065e-02
-9.390897303819656372e-02
-6.290533393621444702e-02
-7.357427477836608887e-02
-1.634490638971328735e-01
-1.508913040161132812e-01
-1.379867494106292725e-01
-1.412879228591918945e-01
-1.400300711393356323e-01
-1.217560321092605591e-01
-1.400423645973205566e-01
-1.796998679637908936e-01
-1.652228832244873047e-01
-1.179814040660858154e-01
-1.570290178060531616e-01
-1.310668438673019409e-01
-1.572991609573364258e-01
-1.673127859830856323e-01
-1.590231806039810181e-01
-1.531185209751129150e-01
-1.275386065244674683e-01
-1.106486618518829346e-01
-9.361250698566436768e-02
-8.907290548086166382e-02
-7.223174721002578735e-02
-4.865214973688125610e-02
-1.258307695388793945e-01
-1.059396341443061829e-01
-1.110502406954765320e-01
-1.188706755638122559e-01
-1.309233009815216064e-01
-1.239528879523277283e-01
-1.394315510988235474e-01
-1.089370846748352051e-01
-1.210845261812210083e-01
-1.057792603969573975e-01
-1.255694776773452759e-01
-1.212564185261726379e-01
-1.015510410070419312e-01
-1.340798139572143555e-01
-1.498071998357772827e-01
-1.166679263114929199e-01
-7.361542433500289917e-02
-1.055609956383705139e-01
-8.177835494279861450e-02
-1.179776638746261597e-01
-1.235890164971351624e-01
-1.261589229106903076e-01
-1.502368003129959106e-01
-7.869821786880493164e-02
-1.194929853081703186e-01
-1.218460425734519958e-01
-1.413713544607162476e-01
-1.276463270187377930e-01
-1.069040149450302124e-01
-8.869817852973937988e-02
-5.567176640033721924e-02
-8.688365668058395386e-02
-7.836102694272994995e-02
-1.170299276709556580e-01
-1.303334832191467285e-01
-1.456733644008636475e-01
-1.274426430463790894e-01
-1.220052465796470642e-01
-1.392336785793304443e-01
-1.342967152595520020e-01
-1.246241256594657898e-01
-1.042129248380661011e-01
-1.186462417244911194e-01
-1.031348481774330139e-01
-9.509880095720291138e-02
-8.904993534088134766e-02
-8.230600506067276001e-02
-8.492895960807800293e-02
-1.055388003587722778e-01
-6.577199697494506836e-02
-8.415001630783081055e-02
-8.751136064529418945e-02
-6.053582206368446350e-02
-1.013509631156921387e-01
-8.139324933290481567e-02
-8.709248155355453491e-02
-7.751764357089996338e-02
-8.912165462970733643e-02
-5.764269828796386719e-02
-7.970631867647171021e-02
-3.932004049420356750e-02
-7.015853654593229294e-03
-1.042797788977622986e-01
-6.725197285413742065e-02
-1.007798239588737488e-01
-9.473032504320144653e-02
-9.854508191347122192e-02
-1.099490076303482056e-01
-7.419180124998092651e-02
-9.944941103458404541e-02
-4.645108059048652649e-02
-4.219962656497955322e-02
-8.318954147398471832e-03
-1.286677122116088867e-01
-1.164490953087806702e-01
-9.385746717453002930e-02
-1.183161735534667969e-01
-1.355570852756500244e-01
-7.061301171779632568e-02
-2.762278914451599121e-02
-2.017829380929470062e-02
-7.981011271476745605e-02
-7.992235571146011353e-02
-9.270736575126647949e-02
-7.059004157781600952e-02
-8.712761104106903076e-02
-8.623069152235984802e-03
-2.060525119304656982e-02
-1.508741974830627441e-01
-1.421216428279876709e-01
-1.365733295679092407e-01
-1.447355449199676514e-01
-1.217538341879844666e-01
-3.525615856051445007e-02
-2.454192377626895905e-02
5.873981863260269165e-03
-9.902510046958923340e-02
-9.665183722972869873e-02
-4.418017342686653137e-02
-6.505253165960311890e-02
-8.120954036712646484e-02
-9.635901451110839844e-02
-9.706719219684600830e-02
-9.032395482063293457e-02
-1.096965819597244263e-01
-7.730934768915176392e-02
-7.345692068338394165e-02
-5.904021486639976501e-02
-9.300115704536437988e-02
-9.597060084342956543e-02
-8.490683883428573608e-02
-7.642433047294616699e-02
-1.041915789246559143e-01
-9.885046631097793579e-02
-9.063289314508438110e-02
-7.441900670528411865e-02
-5.238774046301841736e-02
-5.655608326196670532e-02
-3.335262835025787354e-02
-8.002380281686782837e-02
-8.362413942813873291e-02
-7.768912613391876221e-02
-6.244695559144020081e-02
-1.193037331104278564e-01
-1.089449524879455566e-01
-5.756612494587898254e-02
-8.041299879550933838e-02
-8.319889008998870850e-02
-6.090413406491279602e-02
-1.212850213050842285e-01
-1.175007522106170654e-01
-9.312101453542709351e-02
-8.744437247514724731e-02
-1.005054563283920288e-01
-7.097553461790084839e-02
