-2.820858359336853027e-01
-3.031835556030273438e-01
-2.825238406658172607e-01
-2.538506686687469482e-01
-2.617483735084533691e-01
-2.451087534427642822e-01
-2.657722830772399902e-01
-3.042300045490264893e-01
-3.179686069488525391e-01
-3.251930773258209229e-01
-2.781508266925811768e-01
-3.362067043781280518e-01
-3.174963593482971191e-01
-3.458174765110015869e-01
-2.724038660526275635e-01
-3.267757892608642578e-01
-3.213335871696472168e-01
-3.631636500358581543e-01
-3.245666027069091797e-01
-2.688196897506713867e-01
-2.561993300914764404e-01
-2.537119388580322266e-01
-2.570424377918243408e-01
-2.652731239795684814e-01
-2.890108525753021240e-01
-2.793340981006622314e-01
-2.853496074676513672e-01
-3.364907503128051758e-01
-2.761465013027191162e-01
-3.704777956008911133e-01
-3.326173126697540283e-01
-3.912664651870727539e-01
-3.066517710685729980e-01
-2.855820357799530029e-01
-3.262853324413299561e-01
-3.414445817470550537e-01
-9.578179568052291870e-02
-7.699652761220932007e-02
-7.044982910156250000e-02
-2.458547614514827728e-02
-1.591281741857528687e-01
-1.477854549884796143e-01
-9.579651057720184326e-02
-9.233117848634719849e-02
-1.471502333879470825e-01
-1.023530960083007812e-01
-1.525077670812606812e-01
-1.558889597654342651e-01
-1.624318361282348633e-01
-1.136832535266876221e-01
-1.326688081026077271e-01
-1.247992888092994690e-01
-1.481237560510635376e-01
-1.442821472883224487e-01
-1.375536769628524780e-01
-1.302551776170730591e-01
-1.127593442797660828e-01
-9.337481111288070679e-02
-1.103890910744667053e-01
-6.215704977512359619e-02
-2.327594161033630371e-02
-5.048338696360588074e-02
-1.235143542289733887e-01
-6.621535867452621460e-02
-1.230777129530906677e-01
-1.290915757417678833e-01
-8.529615402221679688e-02
-1.230803504586219788e-01
-1.195128187537193298e-01
-8.845496177673339844e-02
-1.208741664886474609e-01
-8.831366151571273804e-02
-1.186399608850479126e-01
-1.076576486229896545e-01
-9.449069947004318237e-02
-1.214128136634826660e-01
-1.187476590275764465e-01
-9.297566115856170654e-02
-4.913457483053207397e-02
-1.006475836038589478e-01
-6.017429754137992859e-02
-1.199285164475440979e-01
-1.246327832341194153e-01
-9.682717919349670410e-02
-1.682738661766052246e-01
-6.900407373905181885e-02
-1.165934205055236816e-01
-7.624231278896331787e-02
-1.029016971588134766e-01
-8.348207175731658936e-02
-9.090483188629150391e-02
-7.898144423961639404e-02
-5.760897696018218994e-02
-7.383424043655395508e-02
-4.367107525467872620e-02
-1.593158692121505737e-01
-9.759230166673660278e-02
-1.138547137379646301e-01
-1.026800945401191711e-01
-9.649710357189178467e-02
-1.347487270832061768e-01
-1.086526066064834595e-01
-1.356016099452972412e-01
-5.532250553369522095e-02
-7.326177507638931274e-02
-6.463646888732910156e-02
-5.818283185362815857e-02
-9.231484681367874146e-02
-6.043801829218864441e-02
-8.796832710504531860e-02
-6.775334477424621582e-02
-6.072816252708435059e-02
-2.984148077666759491e-02
-1.198336705565452576e-01
-5.025241896510124207e-02
-9.175683557987213135e-02
-3.720477223396301270e-02
-1.245789602398872375e-01
-6.825301796197891235e-02
-9.538921713829040527e-02
-4.696344956755638123e-02
-6.074510514736175537e-02
-4.946573823690414429e-02
1.643256470561027527e-02
-7.858958095312118530e-02
-3.235312178730964661e-02
-9.796421229839324951e-02
-6.163956597447395325e-02
-1.016815155744552612e-01
-9.907411783933639526e-02
-8.055423945188522339e-02
-5.988082289695739746e-02
-5.054428800940513611e-02
-2.138016372919082642e-02
2.995233982801437378e-02
-1.243287697434425354e-01
-1.187115088105201721e-01
-1.016475260257720947e-01
-9.957961738109588623e-02
-1.039592996239662170e-01
-6.945224851369857788e-02
-1.236012391746044159e-02
-4.339126870036125183e-03
-9.141826629638671875e-02
-5.485534667968750000e-02
-5.309191718697547913e-02
-3.901875764131546021e-02
-8.141373842954635620e-02
-1.116828806698322296e-02
-1.719149760901927948e-02
-1.479328125715255737e-01
-1.494458168745040894e-01
-1.568037122488021851e-01
-1.252004057168960571e-01
-1.224556192755699158e-01
-6.137425452470779419e-02
-2.788729034364223480e-02
2.079886011779308319e-02
-6.158881261944770813e-02
-8.748756349086761475e-02
-5.369254946708679199e-02
-4.335556551814079285e-02
-6.543472409248352051e-02
-8.883666247129440308e-02
-6.859371066093444824e-02
-7.280783355236053467e-02
-9.179017692804336548e-02
-5.328575149178504944e-02
-7.832119613885879517e-02
-4.208941757678985596e-02
-9.767539054155349731e-02
-4.503578692674636841e-02
-6.264710426330566406e-02
-2.623761817812919617e-02
-1.035381406545639038e-01
-5.283412709832191467e-02
-5.892983451485633850e-02
-4.974568262696266174e-02
-3.504375368356704712e-02
-3.661881014704704285e-02
-1.175173744559288025e-02
-8.310939371585845947e-02
-5.642241239547729492e-02
-5.512825772166252136e-02
-2.430027723312377930e-02
-9.117428958415985107e-02
-6.653022766113281250e-02
-3.880351781845092773e-02
-4.625884443521499634e-02
-7.551799714565277100e-02
-6.461560726165771484e-02
-7.191440463066101074e-02
-7.410649210214614868e-02
-7.562209665775299072e-02
-6.368461996316909790e-02
-7.763151079416275024e-02
-4.561822116374969482e-02
