-2.666611075401306152e-01
-2.510751783847808838e-01
-2.804565131664276123e-01
-2.142896801233291626e-01
-2.356610894203186035e-01
-2.288688421249389648e-01
-2.646751701831817627e-01
-3.197391331195831299e-01
-2.478112131357192993e-01
-2.196139693260192871e-01
-2.505851686000823975e-01
-3.413739204406738281e-01
-2.537465989589691162e-01
-3.215663731098175049e-01
-2.294168025255203247e-01
-2.486880719661712646e-01
-3.577917218208312988e-01
-2.832410633563995361e-01
-2.634808421134948730e-01
-2.752916812896728516e-01
-2.597627341747283936e-01
-2.042618095874786377e-01
-1.975607275962829590e-01
-2.409421950578689575e-01
-2.735889554023742676e-01
-2.830202877521514893e-01
-2.809106111526489258e-01
-2.696540057659149170e-01
-2.464748024940490723e-01
-3.052856624126434326e-01
-2.506064474582672119e-01
-3.238747715950012207e-01
-2.849986255168914795e-01
-2.146442830562591553e-01
-2.410593181848526001e-01
-3.024577200412750244e-01
-9.580293297767639160e-02
-8.072208613157272339e-02
-7.053900510072708130e-02
-7.669223845005035400e-02
-1.407804787158966064e-01
-1.332645863294601440e-01
-1.419039070606231689e-01
-1.380057483911514282e-01
-1.646637767553329468e-01
-1.268062144517898560e-01
-1.532576829195022583e-01
-1.433528959751129150e-01
-1.691897958517074585e-01
-1.193272843956947327e-01
-1.485790610313415527e-01
-1.313329786062240601e-01
-1.497942358255386353e-01
-1.711052954196929932e-01
-1.530445963144302368e-01
-1.630161851644515991e-01
-1.326473504304885864e-01
-1.307236701250076294e-01
-8.905865997076034546e-02
-8.400020003318786621e-02
-5.995897948741912842e-02
-6.366293877363204956e-02
-1.206057071685791016e-01
-8.214444667100906372e-02
-1.239296495914459229e-01
-1.464933156967163086e-01
-1.017491072416305542e-01
-1.406867802143096924e-01
-1.323595345020294189e-01
-1.020461469888687134e-01
-1.096551716327667236e-01
-1.175789907574653625e-01
-1.269162148237228394e-01
-1.280383765697479248e-01
-1.232111826539039612e-01
-1.270110458135604858e-01
-1.307018399238586426e-01
-1.140611320734024048e-01
-7.073656469583511353e-02
-8.470160514116287231e-02
-7.852986454963684082e-02
-1.079176738858222961e-01
-1.025016233325004578e-01
-1.021200269460678101e-01
-1.403497606515884399e-01
-9.197033941745758057e-02
-1.417873054742813110e-01
-1.048648357391357422e-01
-1.252287626266479492e-01
-1.419093161821365356e-01
-1.191981881856918335e-01
-8.574644476175308228e-02
-7.570541650056838989e-02
-8.746282011270523071e-02
-9.229974448680877686e-02
-1.339388042688369751e-01
-9.604080021381378174e-02
-1.434261053800582886e-01
-1.300948858261108398e-01
-1.162168085575103760e-01
-1.440313756465911865e-01
-1.226114481687545776e-01
-1.356241703033447266e-01
-1.013765856623649597e-01
-1.072646081447601318e-01
-9.388121217489242554e-02
-7.298793643712997437e-02
-8.932723104953765869e-02
-7.875254750251770020e-02
-1.074682697653770447e-01
-1.060454547405242920e-01
-7.534272968769073486e-02
-7.945227622985839844e-02
-9.725338220596313477e-02
-7.188631594181060791e-02
-8.774814754724502563e-02
-8.461497724056243896e-02
-1.204586550593376160e-01
-8.099241554737091064e-02
-8.486758172512054443e-02
-7.205749303102493286e-02
-5.504258349537849426e-02
-3.445079550147056580e-02
-1.461356785148382187e-02
-9.142881631851196289e-02
-7.277913391590118408e-02
-1.066094711422920227e-01
-9.241646528244018555e-02
-1.229150965809822083e-01
-9.836386144161224365e-02
-8.430678397417068481e-02
-9.321565926074981689e-02
-5.533049255609512329e-02
-3.486447408795356750e-02
-1.433559227734804153e-02
-1.211208775639533997e-01
-1.304230391979217529e-01
-1.419701576232910156e-01
-1.291337311267852783e-01
-1.073022186756134033e-01
-2.895059064030647278e-02
-4.091479629278182983e-02
-2.408420480787754059e-02
-9.035313874483108521e-02
-7.980658113956451416e-02
-9.143576771020889282e-02
-7.621058821678161621e-02
-8.943939954042434692e-02
-1.943507231771945953e-02
-3.687069192528724670e-02
-1.585115343332290649e-01
-1.490718275308609009e-01
-1.147393733263015747e-01
-1.255747228860855103e-01
-1.060101762413978577e-01
-6.595016270875930786e-02
-4.804886132478713989e-02
7.776246056891977787e-04
-1.214329674839973450e-01
-7.784848660230636597e-02
-7.590460032224655151e-02
-7.164437323808670044e-02
-9.244973957538604736e-02
-9.265863150358200073e-02
-1.075646579265594482e-01
-7.853480428457260132e-02
-1.088270992040634155e-01
-6.248269230127334595e-02
-8.654129505157470703e-02
-7.332867383956909180e-02
-1.004429906606674194e-01
-7.567381113767623901e-02
-7.754729688167572021e-02
-6.330329924821853638e-02
-1.168012619018554688e-01
-6.564390659332275391e-02
-8.722662180662155151e-02
-6.505277007818222046e-02
-5.691536515951156616e-02
-4.529113695025444031e-02
-3.166744858026504517e-02
-1.261505186557769775e-01
-8.020497858524322510e-02
-7.964570075273513794e-02
-6.862969696521759033e-02
-1.062989681959152222e-01
-8.548289537429809570e-02
-8.771910518407821655e-02
-8.039048314094543457e-02
-9.022492170333862305e-02
-9.536201506853103638e-02
-1.060470417141914368e-01
-1.020937338471412659e-01
-1.167844012379646301e-01
-7.240281999111175537e-02
-9.359987080097198486e-02
-8.164072781801223755e-02
