-2.713981270790100098e-01
-2.316092997789382935e-01
-2.807252407073974609e-01
-2.195389568805694580e-01
-2.337068468332290649e-01
-2.448408305644989014e-01
-2.775723040103912354e-01
-3.473333716392517090e-01
-2.455968558788299561e-01
-2.479188144207000732e-01
-2.696200609207153320e-01
-3.596321344375610352e-01
-2.646700441837310791e-01
-3.321007788181304932e-01
-2.274686247110366821e-01
-2.618946135044097900e-01
-3.635018169879913330e-01
-2.864978015422821045e-01
-2.766179144382476807e-01
-3.005610108375549316e-01
-2.427421957254409790e-01
-2.275475859642028809e-01
-1.883893609046936035e-01
-2.394613027572631836e-01
-2.757815122604370117e-01
-2.970934510231018066e-01
-2.690681219100952148e-01
-2.957636117935180664e-01
-2.476291507482528687e-01
-3.370907902717590332e-01
-2.749080061912536621e-01
-3.404097855091094971e-01
-2.720369100570678711e-01
-2.119306474924087524e-01
-2.665663361549377441e-01
-3.129666447639465332e-01
-9.616504609584808350e-02
-8.227515965700149536e-02
-8.598753064870834351e-02
-7.180668413639068604e-02
-1.845173537731170654e-01
-1.409586519002914429e-01
-1.712165772914886475e-01
-1.172236278653144836e-01
-1.595062613487243652e-01
-1.283501535654067993e-01
-1.501889824867248535e-01
-1.646855473518371582e-01
-1.614944785833358765e-01
-1.353535652160644531e-01
-1.467807888984680176e-01
-1.244119256734848022e-01
-1.574011743068695068e-01
-1.698373854160308838e-01
-1.446688473224639893e-01
-1.688965111970901489e-01
-1.316065639257431030e-01
-9.521167725324630737e-02
-1.012126877903938293e-01
-7.781406491994857788e-02
-4.654716700315475464e-02
-5.852428823709487915e-02
-1.172397360205650330e-01
-9.573468565940856934e-02
-1.247549802064895630e-01
-1.258347779512405396e-01
-1.056677401065826416e-01
-1.344706714153289795e-01
-1.367857456207275391e-01
-1.131404936313629150e-01
-1.095122992992401123e-01
-9.955018758773803711e-02
-1.268989443778991699e-01
-1.337365061044692993e-01
-1.051884293556213379e-01
-1.225193813443183899e-01
-1.268449872732162476e-01
-1.031762883067131042e-01
-6.072964891791343689e-02
-1.043210476636886597e-01
-7.402124255895614624e-02
-1.257854849100112915e-01
-1.262649744749069214e-01
-9.774979948997497559e-02
-1.219506263732910156e-01
-7.579574733972549438e-02
-1.287360787391662598e-01
-9.666438400745391846e-02
-1.168096661567687988e-01
-1.028046011924743652e-01
-9.258360415697097778e-02
-6.134882941842079163e-02
-5.868490412831306458e-02
-8.703432977199554443e-02
-7.554617524147033691e-02
-1.215657815337181091e-01
-1.170392706990242004e-01
-1.192351728677749634e-01
-1.114659681916236877e-01
-1.092025265097618103e-01
-1.406775563955307007e-01
-1.218298599123954773e-01
-1.094749942421913147e-01
-9.257481992244720459e-02
-1.017791032791137695e-01
-9.830950945615768433e-02
-6.808108091354370117e-02
-8.175322413444519043e-02
-7.385846227407455444e-02
-8.995941281318664551e-02
-8.764886111021041870e-02
-8.178303390741348267e-02
-6.745473295450210571e-02
-9.431941062211990356e-02
-5.243808403611183167e-02
-9.610840678215026855e-02
-6.002669781446456909e-02
-1.010039821267127991e-01
-7.660384476184844971e-02
-9.614907205104827881e-02
-4.687594249844551086e-02
-5.167630314826965332e-02
-3.033105097711086273e-02
-4.449225962162017822e-03
-8.604451268911361694e-02
-5.732134729623794556e-02
-1.047997400164604187e-01
-8.227969706058502197e-02
-8.746922016143798828e-02
-9.437648952007293701e-02
-8.385083079338073730e-02
-9.305496513843536377e-02
-5.950462073087692261e-02
-2.579146623611450195e-02
-1.254880800843238831e-02
-1.181631982326507568e-01
-1.338277459144592285e-01
-1.061907634139060974e-01
-1.445833146572113037e-01
-1.023805290460586548e-01
-8.278575539588928223e-02
-4.705449193716049194e-02
-8.784422534517943859e-04
-9.323669970035552979e-02
-6.873622536659240723e-02
-8.042357861995697021e-02
-7.301074266433715820e-02
-5.811113119125366211e-02
-7.868831045925617218e-03
-1.573447883129119873e-02
-1.464043408632278442e-01
-1.302325725555419922e-01
-1.388946175575256348e-01
-1.418580710887908936e-01
-1.202211901545524597e-01
-4.119651392102241516e-02
-3.866310790181159973e-02
2.506307326257228851e-03
-8.157356083393096924e-02
-1.003326401114463806e-01
-6.890018284320831299e-02
-5.775249004364013672e-02
-7.669314742088317871e-02
-7.229916006326675415e-02
-1.043762564659118652e-01
-7.592809945344924927e-02
-9.757166355848312378e-02
-6.791079044342041016e-02
-7.832799106836318970e-02
-4.830565676093101501e-02
-9.907459467649459839e-02
-7.759090512990951538e-02
-8.197507262229919434e-02
-5.935936421155929565e-02
-1.067655831575393677e-01
-7.079742103815078735e-02
-7.371234148740768433e-02
-5.831943079829216003e-02
-5.320124328136444092e-02
-4.580866545438766479e-02
-5.992791149765253067e-03
-9.645161777734756470e-02
-7.372329384088516235e-02
-7.874947041273117065e-02
-5.981182307004928589e-02
-9.185300022363662720e-02
-7.455602288246154785e-02
-7.277370989322662354e-02
-7.441374659538269043e-02
-8.471354842185974121e-02
-8.795072883367538452e-02
-8.890633285045623779e-02
-7.922784984111785889e-02
-1.060292795300483704e-01
-9.139283746480941772e-02
-9.526256471872329712e-02
-6.503821164369583130e-02
