-3.171124756336212158e-01
-2.994666993618011475e-01
-3.206522464752197266e-01
-2.627514004707336426e-01
-2.916223704814910889e-01
-2.762434482574462891e-01
-3.306843340396881104e-01
-3.632857501506805420e-01
-3.240349888801574707e-01
-3.373860120773315430e-01
-3.213960826396942139e-01
-3.947757184505462646e-01
-3.403815925121307373e-01
-3.593264222145080566e-01
-2.706535756587982178e-01
-3.383319675922393799e-01
-3.856990933418273926e-01
-3.558818399906158447e-01
-3.176925480365753174e-01
-3.230879902839660645e-01
-3.026016056537628174e-01
-3.005858659744262695e-01
-2.286300659179687500e-01
-3.096712827682495117e-01
-3.116855025291442871e-01
-3.415641486644744873e-01
-2.795107066631317139e-01
-3.631952404975891113e-01
-3.010542392730712891e-01
-4.050966501235961914e-01
-3.408283293247222900e-01
-4.077362716197967529e-01
-3.334259390830993652e-01
-3.051347732543945312e-01
-3.040515184402465820e-01
-3.765988647937774658e-01
-9.748066961765289307e-02
-8.380705118179321289e-02
-7.840200513601303101e-02
-6.969451904296875000e-02
-1.927583068609237671e-01
-1.596417576074600220e-01
-1.430162936449050903e-01
-1.383043974637985229e-01
-1.692698448896408081e-01
-1.370824426412582397e-01
-1.671375036239624023e-01
-1.910574287176132202e-01
-1.773258000612258911e-01
-1.439872682094573975e-01
-1.950202882289886475e-01
-1.428396403789520264e-01
-1.835418939590454102e-01
-1.719813495874404907e-01
-1.737604439258575439e-01
-1.603391170501708984e-01
-1.527113467454910278e-01
-1.197128966450691223e-01
-1.037637740373611450e-01
-1.301503479480743408e-01
-5.074650049209594727e-02
-5.919583141803741455e-02
-1.522934138774871826e-01
-1.107466816902160645e-01
-1.379931271076202393e-01
-1.243240088224411011e-01
-1.062707155942916870e-01
-1.309507042169570923e-01
-1.192285865545272827e-01
-1.011447161436080933e-01
-1.317152231931686401e-01
-1.024312749505043030e-01
-1.378485858440399170e-01
-1.500817090272903442e-01
-1.126952096819877625e-01
-1.374361217021942139e-01
-1.394826620817184448e-01
-1.312515139579772949e-01
-8.975499123334884644e-02
-1.056664660573005676e-01
-8.206935226917266846e-02
-1.440006196498870850e-01
-1.508389711380004883e-01
-1.145337820053100586e-01
-1.525022387504577637e-01
-7.424771785736083984e-02
-1.364204436540603638e-01
-1.003298312425613403e-01
-1.267310827970504761e-01
-1.118308082222938538e-01
-1.062439680099487305e-01
-1.187536194920539856e-01
-7.963682711124420166e-02
-1.098861470818519592e-01
-6.594500690698623657e-02
-1.597160995006561279e-01
-1.314407140016555786e-01
-1.635059714317321777e-01
-1.241473704576492310e-01
-1.154417768120765686e-01
-1.428537070751190186e-01
-1.147110909223556519e-01
-1.238963156938552856e-01
-9.993038326501846313e-02
-9.208904206752777100e-02
-1.240077763795852661e-01
-1.058138087391853333e-01
-9.886731952428817749e-02
-8.741529285907745361e-02
-1.052582710981369019e-01
-9.934650361537933350e-02
-5.286453291773796082e-02
-6.098585203289985657e-02
-1.079573482275009155e-01
-5.674080178141593933e-02
-9.823724627494812012e-02
-5.869273096323013306e-02
-1.082009375095367432e-01
-8.424223214387893677e-02
-1.085584238171577454e-01
-5.109506845474243164e-02
-6.945232301950454712e-02
-3.771924972534179688e-02
-2.340221311897039413e-03
-1.132164224982261658e-01
-6.874491274356842041e-02
-1.165275946259498596e-01
-7.940010726451873779e-02
-1.043829098343849182e-01
-1.041971966624259949e-01
-9.758769720792770386e-02
-8.585321903228759766e-02
-5.425516515970230103e-02
-4.465075954794883728e-02
6.118587683886289597e-03
-1.450805366039276123e-01
-1.429649889469146729e-01
-1.264868676662445068e-01
-1.266678571701049805e-01
-1.238874495029449463e-01
-6.468492001295089722e-02
-2.707464247941970825e-02
-2.029082551598548889e-02
-1.047511100769042969e-01
-6.580542773008346558e-02
-1.072810664772987366e-01
-5.903705209493637085e-02
-8.825869858264923096e-02
-2.415677160024642944e-02
-1.808502152562141418e-02
-1.855755001306533813e-01
-1.621148735284805298e-01
-1.491909176111221313e-01
-1.455087512731552124e-01
-1.310658901929855347e-01
-8.140617609024047852e-02
-2.803368121385574341e-02
6.321070715785026550e-03
-1.063523665070533752e-01
-1.124407574534416199e-01
-6.512233614921569824e-02
-5.407605320215225220e-02
-7.493686676025390625e-02
-9.824762493371963501e-02
-9.531565755605697632e-02
-8.413212746381759644e-02
-1.182809621095657349e-01
-7.541034370660781860e-02
-7.788898050785064697e-02
-5.343589186668395996e-02
-1.076670885086059570e-01
-1.018403545022010803e-01
-1.105373874306678772e-01
-5.189967155456542969e-02
-1.299256086349487305e-01
-8.734513819217681885e-02
-9.654344618320465088e-02
-7.547582685947418213e-02
-4.973350837826728821e-02
-5.330623313784599304e-02
-1.564964465796947479e-02
-1.159863397479057312e-01
-8.444521576166152954e-02
-1.038695126771926880e-01
-4.674191772937774658e-02
-1.159237995743751526e-01
-1.049570664763450623e-01
-7.958024740219116211e-02
-6.385594606399536133e-02
-9.238898754119873047e-02
-9.688726067543029785e-02
-8.890471607446670532e-02
-7.870134711265563965e-02
-1.165866330265998840e-01
-8.100559562444686890e-02
-9.488079696893692017e-02
-7.835957407951354980e-02
