-3.078726828098297119e-01
-2.849424779415130615e-01
-3.369186222553253174e-01
-2.643951475620269775e-01
-2.915445566177368164e-01
-2.809247076511383057e-01
-3.247203528881072998e-01
-4.082973897457122803e-01
-2.803274691104888916e-01
-2.859639525413513184e-01
-3.098140060901641846e-01
-4.136917889118194580e-01
-3.376684188842773438e-01
-3.778009116649627686e-01
-2.796644270420074463e-01
-3.493847250938415527e-01
-3.958379030227661133e-01
-3.448497056961059570e-01
-2.924579083919525146e-01
-3.181988000869750977e-01
-2.925042510032653809e-01
-2.799204289913177490e-01
-2.059252113103866577e-01
-2.984967231750488281e-01
-3.120223879814147949e-01
-3.472726643085479736e-01
-2.874023914337158203e-01
-3.651290237903594971e-01
-2.796193063259124756e-01
-3.740688562393188477e-01
-3.462927937507629395e-01
-4.088367223739624023e-01
-3.357803225517272949e-01
-2.976720333099365234e-01
-3.184901773929595947e-01
-3.757121562957763672e-01
-9.254620969295501709e-02
-1.155662685632705688e-01
-9.549135714769363403e-02
-8.076495677232742310e-02
-1.485450118780136108e-01
-1.742871552705764771e-01
-1.334001272916793823e-01
-1.437896043062210083e-01
-1.666814684867858887e-01
-1.568347811698913574e-01
-1.775214076042175293e-01
-2.042516916990280151e-01
-1.788928210735321045e-01
-1.400606483221054077e-01
-1.664727330207824707e-01
-1.575261205434799194e-01
-1.558234989643096924e-01
-1.899171918630599976e-01
-1.695439219474792480e-01
-1.916180104017257690e-01
-1.499113440513610840e-01
-1.434956341981887817e-01
-1.096093058586120605e-01
-1.217775195837020874e-01
-6.074292212724685669e-02
-5.897829309105873108e-02
-1.398727595806121826e-01
-1.103050559759140015e-01
-1.484583765268325806e-01
-1.531204432249069214e-01
-1.349654644727706909e-01
-1.635366380214691162e-01
-1.482598781585693359e-01
-1.223852336406707764e-01
-1.255554258823394775e-01
-1.174404695630073547e-01
-1.379890441894531250e-01
-1.391698867082595825e-01
-1.113800927996635437e-01
-1.711862683296203613e-01
-1.489323228597640991e-01
-9.886417537927627563e-02
-8.007142692804336548e-02
-1.153292730450630188e-01
-9.750000387430191040e-02
-1.347849220037460327e-01
-1.309319585561752319e-01
-1.205554828047752380e-01
-1.450336873531341553e-01
-9.213615208864212036e-02
-1.573063433170318604e-01
-1.341332048177719116e-01
-1.240448281168937683e-01
-1.245347484946250916e-01
-1.125820353627204895e-01
-9.400313347578048706e-02
-9.314028173685073853e-02
-1.122171208262443542e-01
-9.117014706134796143e-02
-1.377903074026107788e-01
-1.336233019828796387e-01
-1.496363133192062378e-01
-1.201932579278945923e-01
-1.304943561553955078e-01
-1.373926997184753418e-01
-1.440770179033279419e-01
-1.414255350828170776e-01
-1.228202134370803833e-01
-1.170845702290534973e-01
-1.299196183681488037e-01
-1.005169898271560669e-01
-9.520699828863143921e-02
-1.044957265257835388e-01
-8.234490454196929932e-02
-1.071560829877853394e-01
-7.678986340761184692e-02
-7.590088993310928345e-02
-1.011021286249160767e-01
-6.648931652307510376e-02
-1.164474263787269592e-01
-7.840109616518020630e-02
-1.273714005947113037e-01
-9.134501218795776367e-02
-1.124328002333641052e-01
-8.044192194938659668e-02
-5.784272775053977966e-02
-4.332475736737251282e-02
-1.479339227080345154e-02
-1.141815185546875000e-01
-6.935746967792510986e-02
-1.265483945608139038e-01
-9.580922871828079224e-02
-1.144062578678131104e-01
-1.207070201635360718e-01
-7.950566709041595459e-02
-9.388899803161621094e-02
-6.016349047422409058e-02
-3.600519895553588867e-02
-1.131242699921131134e-02
-1.412664502859115601e-01
-1.463352441787719727e-01
-1.470356434583663940e-01
-1.468441784381866455e-01
-1.207181438803672791e-01
-7.429819554090499878e-02
-3.432195261120796204e-02
-4.165354743599891663e-02
-1.147597730159759521e-01
-7.321747392416000366e-02
-1.036887839436531067e-01
-8.497464656829833984e-02
-7.112111151218414307e-02
-1.583400182425975800e-02
-4.193115979433059692e-02
-1.707408726215362549e-01
-1.550942957401275635e-01
-1.431777775287628174e-01
-1.530952751636505127e-01
-1.324594616889953613e-01
-7.561121135950088501e-02
-4.239825531840324402e-02
-7.831493392586708069e-03
-1.096244677901268005e-01
-9.591655433177947998e-02
-7.707280665636062622e-02
-5.755050107836723328e-02
-1.077214404940605164e-01
-8.939532190561294556e-02
-1.110871359705924988e-01
-9.476540982723236084e-02
-1.195766553282737732e-01
-6.849420070648193359e-02
-1.106146872043609619e-01
-6.757134944200515747e-02
-1.162264347076416016e-01
-9.562707692384719849e-02
-9.779997169971466064e-02
-8.770883828401565552e-02
-1.230464205145835876e-01
-8.615142852067947388e-02
-9.174989163875579834e-02
-9.380950033664703369e-02
-6.216887012124061584e-02
-7.004587352275848389e-02
-3.008471801877021790e-02
-1.217619478702545166e-01
-1.105644479393959045e-01
-1.017086282372474670e-01
-9.430439025163650513e-02
-1.119063049554824829e-01
-7.758577913045883179e-02
-8.410851657390594482e-02
-6.768584251403808594e-02
-9.494349360466003418e-02
-1.017430946230888367e-01
-1.070005521178245544e-01
-9.567937254905700684e-02
-1.072134003043174744e-01
-7.725946605205535889e-02
-1.085429564118385315e-01
-9.561693668365478516e-02
