-2.945573329925537109e-01
-3.107444345951080322e-01
-3.420554697513580322e-01
-2.393337041139602661e-01
-2.771117091178894043e-01
-2.728227972984313965e-01
-3.238803744316101074e-01
-3.461487591266632080e-01
-3.023512661457061768e-01
-2.962034046649932861e-01
-2.957733571529388428e-01
-4.049327373504638672e-01
-3.148469328880310059e-01
-3.717000484466552734e-01
-2.549293041229248047e-01
-3.322011828422546387e-01
-3.973130285739898682e-01
-3.367004096508026123e-01
-3.049896955490112305e-01
-3.275823891162872314e-01
-2.807315289974212646e-01
-2.663293182849884033e-01
-2.166177630424499512e-01
-2.755125463008880615e-01
-2.972732782363891602e-01
-3.267996609210968018e-01
-2.875797152519226074e-01
-3.547904193401336670e-01
-2.789069414138793945e-01
-3.816849291324615479e-01
-3.209558427333831787e-01
-3.607567846775054932e-01
-3.403639197349548340e-01
-2.967528700828552246e-01
-3.234438300132751465e-01
-3.597132861614227295e-01
-9.397281706333160400e-02
-8.554116636514663696e-02
-7.063940912485122681e-02
-3.139365836977958679e-02
-1.667806059122085571e-01
-1.348365843296051025e-01
-1.418408006429672241e-01
-1.445083469152450562e-01
-1.637863665819168091e-01
-1.111859530210494995e-01
-1.728693097829818726e-01
-1.862961649894714355e-01
-1.752694845199584961e-01
-1.381371468305587769e-01
-1.651989668607711792e-01
-1.231192499399185181e-01
-1.462314128875732422e-01
-1.682730019092559814e-01
-1.744302660226821899e-01
-1.825286597013473511e-01
-1.540923118591308594e-01
-1.089843809604644775e-01
-9.919908642768859863e-02
-1.082046255469322205e-01
-3.625350072979927063e-02
-3.202573210000991821e-02
-1.217843890190124512e-01
-9.213528037071228027e-02
-1.402846276760101318e-01
-1.316292136907577515e-01
-8.885422348976135254e-02
-1.337786167860031128e-01
-1.370320171117782593e-01
-1.154595389962196350e-01
-1.235610172152519226e-01
-9.001319855451583862e-02
-1.505071818828582764e-01
-1.251464933156967163e-01
-1.227981522679328918e-01
-1.377275139093399048e-01
-1.246153712272644043e-01
-1.311381161212921143e-01
-6.980081647634506226e-02
-1.010899916291236877e-01
-5.510243773460388184e-02
-1.401217281818389893e-01
-1.362159699201583862e-01
-1.022657081484794617e-01
-1.565732359886169434e-01
-5.401377379894256592e-02
-1.562303155660629272e-01
-1.045535653829574585e-01
-1.413008719682693481e-01
-1.246952116489410400e-01
-9.067471325397491455e-02
-1.000475138425827026e-01
-6.442356109619140625e-02
-9.265653789043426514e-02
-4.199423268437385559e-02
-1.636347174644470215e-01
-1.236107647418975830e-01
-1.317164152860641479e-01
-1.198651343584060669e-01
-9.379132837057113647e-02
-1.350795477628707886e-01
-1.316075325012207031e-01
-1.419223695993423462e-01
-1.014914810657501221e-01
-7.583728432655334473e-02
-1.062327325344085693e-01
-6.968957185745239258e-02
-9.426555782556533813e-02
-6.852576881647109985e-02
-1.087014377117156982e-01
-9.929534792900085449e-02
-7.314655929803848267e-02
-3.015296906232833862e-02
-9.601329267024993896e-02
-7.378426194190979004e-02
-8.942319452762603760e-02
-4.268490895628929138e-02
-1.153025552630424500e-01
-7.733517885208129883e-02
-1.004071310162544250e-01
-3.917750716209411621e-02
-5.016965419054031372e-02
-1.702972874045372009e-02
1.370687689632177353e-02
-1.070657968521118164e-01
-7.474634796380996704e-02
-1.089492738246917725e-01
-5.883724987506866455e-02
-1.186561137437820435e-01
-1.068837866187095642e-01
-8.794808387756347656e-02
-5.897243693470954895e-02
-5.470179393887519836e-02
-5.376311019062995911e-02
8.691960945725440979e-03
-1.300660073757171631e-01
-1.273752599954605103e-01
-1.163544207811355591e-01
-1.312949806451797485e-01
-9.934135526418685913e-02
-6.172836199402809143e-02
-3.323082625865936279e-02
-9.198323823511600494e-03
-9.831812977790832520e-02
-7.311670482158660889e-02
-8.021027594804763794e-02
-4.813447967171669006e-02
-6.638392060995101929e-02
-1.795710623264312744e-02
1.184453256428241730e-03
-1.976148188114166260e-01
-1.719989925622940063e-01
-1.637715101242065430e-01
-1.590628325939178467e-01
-1.106330975890159607e-01
-6.526592373847961426e-02
-2.632037736475467682e-02
1.883831620216369629e-02
-1.053615659475326538e-01
-8.447559177875518799e-02
-6.069682911038398743e-02
-3.528762608766555786e-02
-9.339094907045364380e-02
-8.322148025035858154e-02
-1.039916202425956726e-01
-6.220474094152450562e-02
-1.062553301453590393e-01
-6.015159934759140015e-02
-8.537966012954711914e-02
-4.219496995210647583e-02
-9.327225387096405029e-02
-8.957053720951080322e-02
-7.659385353326797485e-02
-4.473104327917098999e-02
-9.524927288293838501e-02
-8.501154184341430664e-02
-9.106643497943878174e-02
-6.111298874020576477e-02
-4.134302586317062378e-02
-4.539418220520019531e-02
7.092628628015518188e-03
-9.390232712030410767e-02
-9.053137898445129395e-02
-9.127493202686309814e-02
-3.071634098887443542e-02
-1.133513525128364563e-01
-8.352082967758178711e-02
-7.487908005714416504e-02
-3.841767087578773499e-02
-1.024118587374687195e-01
-1.079281270503997803e-01
-9.128715842962265015e-02
-7.282005995512008667e-02
-9.778657555580139160e-02
-7.815296202898025513e-02
-7.226271182298660278e-02
-5.108340829610824585e-02
