6.430134177207946777e-01
6.103311777114868164e-01
8.551208972930908203e-01
9.048557877540588379e-01
8.304945826530456543e-01
7.899953722953796387e-01
8.498479127883911133e-01
7.527955174446105957e-01
5.586631298065185547e-01
7.778983712196350098e-01
8.713513016700744629e-01
7.835459113121032715e-01
8.095863461494445801e-01
7.574627399444580078e-01
7.170144915580749512e-01
6.923090815544128418e-01
6.872656941413879395e-01
7.202282547950744629e-01
5.637845993041992188e-01
5.706673860549926758e-01
8.389200568199157715e-01
8.663446903228759766e-01
8.110275268554687500e-01
8.110622167587280273e-01
7.943302392959594727e-01
7.285600304603576660e-01
4.671041667461395264e-01
7.596578598022460938e-01
8.278563022613525391e-01
6.169012784957885742e-01
7.718330621719360352e-01
7.365242838859558105e-01
8.345498442649841309e-01
7.151311635971069336e-01
7.611809968948364258e-01
7.632936835289001465e-01
6.172611713409423828e-01
5.801319479942321777e-01
6.137592792510986328e-01
9.571381211280822754e-01
5.858599543571472168e-01
5.438637733459472656e-01
6.654298305511474609e-01
6.527224779129028320e-01
6.235674619674682617e-01
9.929725527763366699e-01
5.497220754623413086e-01
5.946334600448608398e-01
6.519154310226440430e-01
7.664393782615661621e-01
5.831228494644165039e-01
9.631817340850830078e-01
5.353150963783264160e-01
6.250163316726684570e-01
6.476534605026245117e-01
5.944337248802185059e-01
7.352403402328491211e-01
9.722574949264526367e-01
6.076774597167968750e-01
5.363383889198303223e-01
6.905085444450378418e-01
9.357527494430541992e-01
5.082620382308959961e-01
7.403052449226379395e-01
6.967722177505493164e-01
5.812693238258361816e-01
9.146787524223327637e-01
5.568315982818603516e-01
5.082228779792785645e-01
7.114720344543457031e-01
6.132756471633911133e-01
9.504219889640808105e-01
4.792968034744262695e-01
6.298131346702575684e-01
6.882072091102600098e-01
6.548869609832763672e-01
9.476177692413330078e-01
5.536334514617919922e-01
7.809152007102966309e-01
6.388123035430908203e-01
9.330150485038757324e-01
5.843737721443176270e-01
5.494129061698913574e-01
6.383451223373413086e-01
5.921846032142639160e-01
9.272798299789428711e-01
5.110784173011779785e-01
7.036892175674438477e-01
5.809156894683837891e-01
7.136116623878479004e-01
9.405755996704101562e-01
6.202396750450134277e-01
6.565369367599487305e-01
6.147236227989196777e-01
9.306365847587585449e-01
5.079873204231262207e-01
7.027867436408996582e-01
5.623700618743896484e-01
6.663861870765686035e-01
9.403944015502929688e-01
5.052534937858581543e-01
6.166421175003051758e-01
6.414013504981994629e-01
6.872652769088745117e-01
9.676828980445861816e-01
5.388364791870117188e-01
7.324519157409667969e-01
6.546512246131896973e-01
9.369745254516601562e-01
5.526151061058044434e-01
4.581871032714843750e-01
6.807361841201782227e-01
9.359244704246520996e-01
5.211751461029052734e-01
7.464551925659179688e-01
6.450695395469665527e-01
9.200962185859680176e-01
6.021173000335693359e-01
6.656811833381652832e-01
6.249100565910339355e-01
9.253749251365661621e-01
6.045082807540893555e-01
6.454972624778747559e-01
9.280329942703247070e-01
5.661080479621887207e-01
7.286353111267089844e-01
6.861658692359924316e-01
9.302160143852233887e-01
5.231864452362060547e-01
6.668201088905334473e-01
6.796270012855529785e-01
9.355683326721191406e-01
6.179398894309997559e-01
6.727755069732666016e-01
9.309883713722229004e-01
5.912435650825500488e-01
6.428607702255249023e-01
6.520084142684936523e-01
6.729286909103393555e-01
9.462875723838806152e-01
5.808404684066772461e-01
7.815743088722229004e-01
9.234908223152160645e-01
5.652837157249450684e-01
7.257063984870910645e-01
6.668924093246459961e-01
9.440958499908447266e-01
5.737853050231933594e-01
7.642343044281005859e-01
9.054788947105407715e-01
6.562452316284179688e-01
6.077289581298828125e-01
6.472066640853881836e-01
7.429255247116088867e-01
9.640529155731201172e-01
5.978987216949462891e-01
7.081698775291442871e-01
9.186978340148925781e-01
5.893515348434448242e-01
6.412054896354675293e-01
6.991041302680969238e-01
9.407211542129516602e-01
6.747103929519653320e-01
6.659579873085021973e-01
7.425065636634826660e-01
9.374005794525146484e-01
5.572386384010314941e-01
6.848068237304687500e-01
7.239024639129638672e-01
9.346181750297546387e-01
4.976869225502014160e-01
6.284180879592895508e-01
5.648730993270874023e-01
9.592356085777282715e-01
5.664559602737426758e-01
6.600056290626525879e-01
7.131762504577636719e-01
9.470393061637878418e-01
6.842769980430603027e-01
7.085327506065368652e-01
9.136925935745239258e-01
5.392678380012512207e-01
6.319819688796997070e-01
6.350477933883666992e-01
9.540075063705444336e-01
5.280997753143310547e-01
6.998937726020812988e-01
6.784683465957641602e-01
9.341018795967102051e-01
6.807548403739929199e-01
6.981559991836547852e-01
6.262862086296081543e-01
9.290519356727600098e-01
5.323076248168945312e-01
6.744965910911560059e-01
6.382501125335693359e-01
9.616770148277282715e-01
