6.194079518318176270e-01
5.814973115921020508e-01
8.652935624122619629e-01
8.908217549324035645e-01
8.847734928131103516e-01
8.436971902847290039e-01
8.354216814041137695e-01
7.628948688507080078e-01
5.877285003662109375e-01
8.891884088516235352e-01
8.988526463508605957e-01
8.136361241340637207e-01
8.660973906517028809e-01
8.132839798927307129e-01
7.912864685058593750e-01
8.127123713493347168e-01
7.269963622093200684e-01
7.833800911903381348e-01
6.274060010910034180e-01
6.018421053886413574e-01
8.579968810081481934e-01
9.101678133010864258e-01
8.117157220840454102e-01
7.931766510009765625e-01
8.094893693923950195e-01
7.910729050636291504e-01
5.282456874847412109e-01
8.585767149925231934e-01
8.711841702461242676e-01
7.899531126022338867e-01
8.068439364433288574e-01
7.905072569847106934e-01
8.890234231948852539e-01
8.154155611991882324e-01
8.311117291450500488e-01
8.652641177177429199e-01
6.453194022178649902e-01
6.409040689468383789e-01
7.181688547134399414e-01
9.807733893394470215e-01
5.804165601730346680e-01
5.544576644897460938e-01
7.088837027549743652e-01
7.472756505012512207e-01
6.648341417312622070e-01
1.051496863365173340e+00
5.487048625946044922e-01
6.194410324096679688e-01
6.939997076988220215e-01
7.629528045654296875e-01
6.326661109924316406e-01
1.063086390495300293e+00
5.567479729652404785e-01
6.488951444625854492e-01
7.110704779624938965e-01
6.567590236663818359e-01
7.579858303070068359e-01
1.042915463447570801e+00
6.398109793663024902e-01
5.975373983383178711e-01
8.020663261413574219e-01
9.912851452827453613e-01
5.314796566963195801e-01
7.992181181907653809e-01
7.224049568176269531e-01
6.238093972206115723e-01
9.960607886314392090e-01
5.812545418739318848e-01
5.614188909530639648e-01
7.803805470466613770e-01
6.863285899162292480e-01
1.015782594680786133e+00
5.435298681259155273e-01
6.861854195594787598e-01
7.567521929740905762e-01
6.956784129142761230e-01
1.039181113243103027e+00
5.622553825378417969e-01
8.317744135856628418e-01
6.702204346656799316e-01
9.934900999069213867e-01
5.678827166557312012e-01
5.711964368820190430e-01
8.014321327209472656e-01
6.200410127639770508e-01
1.000337600708007812e+00
5.588214397430419922e-01
7.802374362945556641e-01
6.473009586334228516e-01
7.288504242897033691e-01
1.008745551109313965e+00
6.224765777587890625e-01
7.989614605903625488e-01
6.856375336647033691e-01
9.768549799919128418e-01
5.421928763389587402e-01
7.596556544303894043e-01
6.377688646316528320e-01
7.464115619659423828e-01
1.027456283569335938e+00
5.567068457603454590e-01
6.889434456825256348e-01
6.416002511978149414e-01
7.979243397712707520e-01
1.018491983413696289e+00
5.971440672874450684e-01
7.994027137756347656e-01
7.214272022247314453e-01
9.944070577621459961e-01
6.115441918373107910e-01
5.930966734886169434e-01
8.142281770706176758e-01
9.706782698631286621e-01
5.775416493415832520e-01
8.473186492919921875e-01
6.537496447563171387e-01
9.667062759399414062e-01
6.235430836677551270e-01
8.026420474052429199e-01
6.435586214065551758e-01
9.871804714202880859e-01
6.628327965736389160e-01
8.269458413124084473e-01
9.501442909240722656e-01
6.039175987243652344e-01
8.243060111999511719e-01
6.979419589042663574e-01
9.972916245460510254e-01
5.937447547912597656e-01
7.179393768310546875e-01
7.819337844848632812e-01
1.003728866577148438e+00
6.936476230621337891e-01
7.895942330360412598e-01
9.391606450080871582e-01
7.207383513450622559e-01
6.880813241004943848e-01
7.391141653060913086e-01
7.110673785209655762e-01
1.039043426513671875e+00
6.761088371276855469e-01
8.572872281074523926e-01
9.577550292015075684e-01
6.010328531265258789e-01
7.806751132011413574e-01
7.146082520484924316e-01
9.940183758735656738e-01
6.590940952301025391e-01
8.707138299942016602e-01
9.558161497116088867e-01
6.929377913475036621e-01
6.355853080749511719e-01
6.609253287315368652e-01
7.220687270164489746e-01
1.051072001457214355e+00
6.556270718574523926e-01
8.121820688247680664e-01
9.428985714912414551e-01
6.224742531776428223e-01
6.938748359680175781e-01
7.794381380081176758e-01
9.915618300437927246e-01
7.360598444938659668e-01
7.238041162490844727e-01
7.438480257987976074e-01
9.994530081748962402e-01
5.855694413185119629e-01
7.682057023048400879e-01
7.456542849540710449e-01
9.899942874908447266e-01
6.120497584342956543e-01
7.363373637199401855e-01
7.143467068672180176e-01
9.947359561920166016e-01
6.022896766662597656e-01
7.727347016334533691e-01
7.405551075935363770e-01
9.993796348571777344e-01
8.146140575408935547e-01
7.733888626098632812e-01
9.584488272666931152e-01
6.125298738479614258e-01
7.288838624954223633e-01
7.007285356521606445e-01
9.822337627410888672e-01
6.140018701553344727e-01
7.404781579971313477e-01
7.670930624008178711e-01
9.919918775558471680e-01
7.352593541145324707e-01
7.622584104537963867e-01
7.148666977882385254e-01
9.978212118148803711e-01
6.118423938751220703e-01
7.303200364112854004e-01
6.951455473899841309e-01
9.970779418945312500e-01
