5.914761424064636230e-01
5.790826678276062012e-01
8.545128703117370605e-01
8.525150418281555176e-01
8.296753764152526855e-01
8.078736662864685059e-01
8.185373544692993164e-01
7.662096619606018066e-01
5.785446763038635254e-01
8.168912529945373535e-01
8.576318621635437012e-01
8.013992905616760254e-01
8.042433261871337891e-01
7.793371081352233887e-01
7.305467128753662109e-01
7.663031220436096191e-01
7.368130683898925781e-01
7.447966933250427246e-01
6.072319746017456055e-01
5.766423344612121582e-01
8.385348916053771973e-01
8.468906283378601074e-01
7.477546930313110352e-01
7.641174793243408203e-01
7.971452474594116211e-01
7.841248512268066406e-01
4.636919796466827393e-01
8.410769104957580566e-01
8.140019774436950684e-01
7.253713607788085938e-01
7.681674361228942871e-01
7.668067216873168945e-01
8.612753748893737793e-01
7.362627387046813965e-01
7.774813175201416016e-01
8.145674467086791992e-01
6.091877818107604980e-01
5.924307703971862793e-01
6.646125316619873047e-01
9.582565426826477051e-01
5.576759576797485352e-01
5.083965659141540527e-01
6.453120112419128418e-01
6.980611681938171387e-01
6.199861764907836914e-01
1.008797883987426758e+00
5.078114271163940430e-01
5.877876281738281250e-01
6.359008550643920898e-01
6.996676325798034668e-01
5.988642573356628418e-01
1.009043455123901367e+00
5.181713104248046875e-01
5.883182287216186523e-01
6.500479578971862793e-01
6.042814850807189941e-01
7.026609778404235840e-01
1.003812432289123535e+00
5.981968045234680176e-01
5.757390856742858887e-01
7.239667773246765137e-01
9.503028988838195801e-01
4.984011948108673096e-01
7.333391904830932617e-01
6.892422437667846680e-01
5.794640779495239258e-01
9.736601114273071289e-01
5.590122342109680176e-01
5.305705666542053223e-01
7.161945104598999023e-01
6.274091005325317383e-01
9.711645841598510742e-01
5.050270557403564453e-01
6.283917427062988281e-01
6.801730394363403320e-01
6.517031788825988770e-01
9.867246150970458984e-01
5.418244600296020508e-01
7.702351212501525879e-01
6.075338125228881836e-01
9.632584452629089355e-01
5.551212430000305176e-01
5.239417552947998047e-01
7.213052511215209961e-01
5.929519534111022949e-01
9.728500843048095703e-01
5.103746652603149414e-01
7.239543795585632324e-01
5.862281322479248047e-01
6.576687693595886230e-01
9.653059840202331543e-01
5.986855626106262207e-01
7.271095514297485352e-01
6.475625038146972656e-01
9.645068049430847168e-01
5.018523931503295898e-01
7.074710130691528320e-01
5.891866087913513184e-01
6.863842606544494629e-01
9.791948199272155762e-01
5.411921739578247070e-01
6.492727994918823242e-01
6.147689223289489746e-01
7.029918432235717773e-01
9.937557578086853027e-01
5.557122826576232910e-01
7.265681624412536621e-01
6.709142327308654785e-01
9.549353718757629395e-01
5.915006399154663086e-01
5.609659552574157715e-01
7.522664666175842285e-01
9.625737667083740234e-01
5.539998412132263184e-01
7.677080035209655762e-01
6.082832217216491699e-01
9.452936649322509766e-01
5.846249461174011230e-01
7.357199192047119141e-01
5.910952091217041016e-01
9.474404454231262207e-01
6.364858150482177734e-01
7.559627294540405273e-01
9.175912737846374512e-01
5.533853173255920410e-01
7.650096416473388672e-01
6.459661126136779785e-01
9.694876074790954590e-01
5.822303891181945801e-01
6.728205084800720215e-01
7.210652232170104980e-01
9.770520925521850586e-01
6.546828746795654297e-01
7.227432727813720703e-01
9.264954924583435059e-01
6.560737490653991699e-01
6.260648369789123535e-01
6.853773593902587891e-01
6.426615118980407715e-01
9.833180308341979980e-01
6.603883504867553711e-01
7.993440032005310059e-01
9.282640218734741211e-01
5.751040577888488770e-01
7.049531936645507812e-01
6.667120456695556641e-01
9.611191153526306152e-01
6.296718716621398926e-01
8.159788846969604492e-01
9.385187029838562012e-01
6.184006929397583008e-01
5.920982956886291504e-01
6.017055511474609375e-01
6.657620072364807129e-01
1.001986026763916016e+00
6.168522834777832031e-01
7.363426089286804199e-01
9.019908308982849121e-01
6.165686845779418945e-01
6.581733822822570801e-01
7.207846045494079590e-01
9.545531868934631348e-01
6.940482854843139648e-01
6.838874816894531250e-01
6.870737075805664062e-01
9.648871421813964844e-01
5.549935698509216309e-01
7.109538316726684570e-01
6.875123381614685059e-01
9.494938850402832031e-01
5.735534429550170898e-01
6.788380146026611328e-01
6.556009650230407715e-01
9.513970017433166504e-01
6.033976078033447266e-01
7.073376178741455078e-01
6.790818572044372559e-01
9.611180424690246582e-01
7.434324026107788086e-01
7.401025295257568359e-01
9.399403929710388184e-01
5.558269023895263672e-01
6.667773723602294922e-01
6.582547426223754883e-01
9.551538228988647461e-01
5.709068179130554199e-01
6.927316784858703613e-01
7.083394527435302734e-01
9.562537074089050293e-01
6.840298175811767578e-01
6.857041716575622559e-01
6.673399209976196289e-01
9.665060043334960938e-01
5.652171969413757324e-01
6.596466898918151855e-01
6.479989886283874512e-01
9.537515640258789062e-01
