6.444448232650756836e-01
5.983427166938781738e-01
8.414086103439331055e-01
8.829313516616821289e-01
8.545406460762023926e-01
8.299816250801086426e-01
8.321101069450378418e-01
7.686319351196289062e-01
6.073372364044189453e-01
8.359631299972534180e-01
8.783999681472778320e-01
8.303371667861938477e-01
8.220012784004211426e-01
8.259702324867248535e-01
7.571911811828613281e-01
7.827598452568054199e-01
7.676639556884765625e-01
7.744678258895874023e-01
6.393980383872985840e-01
5.990816950798034668e-01
8.604273200035095215e-01
8.721833825111389160e-01
7.532862424850463867e-01
7.669606208801269531e-01
8.232279419898986816e-01
8.070599436759948730e-01
5.297266840934753418e-01
8.582317233085632324e-01
8.457125425338745117e-01
7.720900774002075195e-01
7.907246351242065430e-01
7.841980457305908203e-01
8.902257084846496582e-01
7.597371935844421387e-01
7.935257554054260254e-01
8.555354475975036621e-01
6.238442659378051758e-01
6.095855236053466797e-01
6.877337098121643066e-01
9.768924713134765625e-01
5.766373872756958008e-01
5.587019324302673340e-01
6.648373007774353027e-01
7.078279852867126465e-01
6.403660774230957031e-01
1.049777626991271973e+00
5.197443962097167969e-01
5.954590439796447754e-01
6.765360832214355469e-01
7.180771827697753906e-01
6.012861728668212891e-01
1.045557737350463867e+00
5.505024194717407227e-01
6.185975670814514160e-01
6.698613166809082031e-01
6.236079335212707520e-01
7.220517992973327637e-01
1.036662578582763672e+00
6.143705248832702637e-01
6.057096123695373535e-01
7.534398436546325684e-01
9.764835238456726074e-01
5.138770937919616699e-01
7.550655603408813477e-01
6.892942190170288086e-01
6.046630144119262695e-01
9.909885525703430176e-01
5.518468618392944336e-01
5.650782585144042969e-01
7.425978779792785645e-01
6.593831777572631836e-01
1.001214981079101562e+00
5.208014249801635742e-01
6.666496992111206055e-01
7.060399651527404785e-01
6.806795597076416016e-01
1.023437261581420898e+00
5.546113848686218262e-01
7.871361374855041504e-01
6.344236731529235840e-01
9.839978814125061035e-01
5.885105133056640625e-01
5.337904691696166992e-01
7.496997117996215820e-01
6.003030538558959961e-01
9.868422150611877441e-01
5.535797476768493652e-01
7.441346645355224609e-01
6.151409149169921875e-01
6.948063969612121582e-01
9.978842735290527344e-01
5.934621691703796387e-01
7.510198950767517090e-01
6.606632471084594727e-01
9.698782563209533691e-01
5.459030270576477051e-01
7.174426913261413574e-01
6.037502288818359375e-01
7.060217857360839844e-01
1.013936519622802734e+00
5.425109863281250000e-01
6.764183640480041504e-01
6.316190361976623535e-01
7.348202466964721680e-01
1.015317082405090332e+00
5.655553936958312988e-01
7.310706377029418945e-01
6.757622361183166504e-01
9.773478507995605469e-01
6.092549562454223633e-01
5.836063027381896973e-01
7.732381820678710938e-01
9.721152186393737793e-01
5.781568288803100586e-01
7.902646660804748535e-01
6.302813291549682617e-01
9.618893265724182129e-01
5.775361061096191406e-01
7.381135225296020508e-01
6.076106429100036621e-01
9.735382795333862305e-01
6.306111812591552734e-01
7.837800979614257812e-01
9.395325183868408203e-01
5.935574173927307129e-01
7.827382087707519531e-01
6.587087512016296387e-01
9.873843193054199219e-01
5.838192701339721680e-01
6.866096854209899902e-01
7.445633411407470703e-01
9.901095032691955566e-01
6.445299983024597168e-01
7.530404329299926758e-01
9.526744484901428223e-01
6.710454225540161133e-01
6.428127884864807129e-01
7.092092633247375488e-01
6.614493131637573242e-01
1.024632334709167480e+00
6.543747782707214355e-01
8.083770871162414551e-01
9.521344304084777832e-01
5.968956947326660156e-01
7.259424924850463867e-01
6.767717003822326660e-01
9.836502671241760254e-01
6.289030313491821289e-01
8.201409578323364258e-01
9.545896649360656738e-01
6.622222065925598145e-01
6.214448809623718262e-01
6.394294500350952148e-01
6.997088193893432617e-01
1.039516091346740723e+00
6.523881554603576660e-01
7.572399377822875977e-01
9.449914693832397461e-01
6.204101443290710449e-01
6.573382019996643066e-01
7.543260455131530762e-01
9.904595017433166504e-01
7.221500277519226074e-01
6.907846331596374512e-01
7.038617730140686035e-01
9.816259145736694336e-01
5.804230570793151855e-01
7.330092787742614746e-01
7.191929817199707031e-01
9.782037734985351562e-01
5.829992294311523438e-01
6.938329339027404785e-01
6.767398715019226074e-01
9.949510097503662109e-01
5.709137916564941406e-01
7.348213195800781250e-01
7.086141109466552734e-01
9.809970855712890625e-01
7.651559710502624512e-01
7.510870099067687988e-01
9.584453105926513672e-01
5.926692485809326172e-01
7.027123570442199707e-01
6.723161339759826660e-01
9.896163940429687500e-01
5.780743956565856934e-01
7.107954621315002441e-01
7.374979257583618164e-01
9.840217232704162598e-01
7.121102213859558105e-01
7.147815227508544922e-01
6.882646679878234863e-01
9.941699504852294922e-01
6.147541999816894531e-01
6.910551190376281738e-01
6.626576781272888184e-01
1.007233500480651855e+00
