6.436654329299926758e-01
6.116986870765686035e-01
8.811513185501098633e-01
9.016380906105041504e-01
8.876994848251342773e-01
8.572440147399902344e-01
8.593782782554626465e-01
7.900023460388183594e-01
6.113309264183044434e-01
8.675912022590637207e-01
8.966099023818969727e-01
8.429019451141357422e-01
8.626742362976074219e-01
8.372830748558044434e-01
7.768172621726989746e-01
8.299077749252319336e-01
7.838679552078247070e-01
7.915185689926147461e-01
6.323590874671936035e-01
6.180270910263061523e-01
8.855388164520263672e-01
9.055702686309814453e-01
7.816466093063354492e-01
7.989294528961181641e-01
8.439519405364990234e-01
8.185905814170837402e-01
5.279361009597778320e-01
8.644358515739440918e-01
8.641420006752014160e-01
7.904276847839355469e-01
8.284753561019897461e-01
8.082911372184753418e-01
9.288275837898254395e-01
7.892903089523315430e-01
8.328720331192016602e-01
8.689468502998352051e-01
6.351208686828613281e-01
6.026841998100280762e-01
7.040134668350219727e-01
9.820291996002197266e-01
5.943497419357299805e-01
5.710325241088867188e-01
6.682684421539306641e-01
7.193381786346435547e-01
6.418488621711730957e-01
1.059324741363525391e+00
5.394900441169738770e-01
5.940318107604980469e-01
6.769607067108154297e-01
7.462750077247619629e-01
6.249574422836303711e-01
1.050814628601074219e+00
5.289907455444335938e-01
6.443906426429748535e-01
6.945158839225769043e-01
6.433227658271789551e-01
7.492080926895141602e-01
1.047286272048950195e+00
6.310269236564636230e-01
6.221973896026611328e-01
7.704691886901855469e-01
9.898896217346191406e-01
5.205115675926208496e-01
7.754694223403930664e-01
7.119480967521667480e-01
6.251870989799499512e-01
1.003981232643127441e+00
5.690025687217712402e-01
5.525910258293151855e-01
7.512674331665039062e-01
6.862879395484924316e-01
1.010842800140380859e+00
5.345686078071594238e-01
6.875006556510925293e-01
7.238591909408569336e-01
7.149082422256469727e-01
1.030258297920227051e+00
5.781763792037963867e-01
7.992616295814514160e-01
6.297075748443603516e-01
9.937839508056640625e-01
5.868752002716064453e-01
5.761214494705200195e-01
7.567637562751770020e-01
6.127023696899414062e-01
1.008176088333129883e+00
5.597000122070312500e-01
7.629368901252746582e-01
6.365886926651000977e-01
6.912142038345336914e-01
1.009638071060180664e+00
6.109063625335693359e-01
7.775176167488098145e-01
6.638900637626647949e-01
9.837550520896911621e-01
5.294007062911987305e-01
7.287541031837463379e-01
6.229012012481689453e-01
7.312541007995605469e-01
1.023344874382019043e+00
5.565361976623535156e-01
6.940919160842895508e-01
6.411427259445190430e-01
7.558112740516662598e-01
1.026757001876831055e+00
6.022655367851257324e-01
7.854562401771545410e-01
7.018368840217590332e-01
9.870967268943786621e-01
6.266674995422363281e-01
5.894403457641601562e-01
7.741737365722656250e-01
9.797176122665405273e-01
5.759047865867614746e-01
8.130607008934020996e-01
6.518046855926513672e-01
9.787017703056335449e-01
6.055274009704589844e-01
7.763659358024597168e-01
6.295575499534606934e-01
9.902407526969909668e-01
6.405879855155944824e-01
8.079878687858581543e-01
9.520148038864135742e-01
5.745316147804260254e-01
8.020482063293457031e-01
6.884219646453857422e-01
9.927726984024047852e-01
5.646047592163085938e-01
6.916163563728332520e-01
7.516577839851379395e-01
1.002294540405273438e+00
6.602814793586730957e-01
7.586034536361694336e-01
9.527621865272521973e-01
6.862916946411132812e-01
6.557008624076843262e-01
7.130331397056579590e-01
6.868048310279846191e-01
1.029294848442077637e+00
6.524802446365356445e-01
8.213023543357849121e-01
9.654338955879211426e-01
6.100143194198608398e-01
7.606978416442871094e-01
6.945164203643798828e-01
1.001805663108825684e+00
6.446241736412048340e-01
8.495026826858520508e-01
9.604665637016296387e-01
6.775997877120971680e-01
6.414045691490173340e-01
6.716972589492797852e-01
7.125872373580932617e-01
1.059723138809204102e+00
6.663932800292968750e-01
7.741446495056152344e-01
9.529018998146057129e-01
6.363956928253173828e-01
6.826633214950561523e-01
7.656065225601196289e-01
9.893066287040710449e-01
7.297409176826477051e-01
7.033564448356628418e-01
7.324942350387573242e-01
9.954974651336669922e-01
6.176285743713378906e-01
7.581139206886291504e-01
7.369827032089233398e-01
9.915837645530700684e-01
6.138721108436584473e-01
7.167062759399414062e-01
6.777627468109130859e-01
9.947002530097961426e-01
5.992846488952636719e-01
7.376230359077453613e-01
7.059745788574218750e-01
1.000540137290954590e+00
7.814339399337768555e-01
7.513853311538696289e-01
9.629670977592468262e-01
5.837203264236450195e-01
7.143739461898803711e-01
6.826634407043457031e-01
9.907351136207580566e-01
6.065357923507690430e-01
7.251478433609008789e-01
7.596455216407775879e-01
9.875204563140869141e-01
7.127006053924560547e-01
7.339162230491638184e-01
6.878687739372253418e-01
1.006113290786743164e+00
6.015758514404296875e-01
7.057585120201110840e-01
6.732869148254394531e-01
1.011949300765991211e+00
