6.072654128074645996e-01
5.530246496200561523e-01
8.183829188346862793e-01
8.035485744476318359e-01
7.972725629806518555e-01
7.728978991508483887e-01
7.808755040168762207e-01
7.343382239341735840e-01
5.592901706695556641e-01
7.440917491912841797e-01
8.017113208770751953e-01
7.518703937530517578e-01
7.253439426422119141e-01
7.510753870010375977e-01
6.710221767425537109e-01
6.982467174530029297e-01
6.845176815986633301e-01
6.971865892410278320e-01
5.788825750350952148e-01
5.612800717353820801e-01
7.873441576957702637e-01
8.029209375381469727e-01
6.928601264953613281e-01
7.256259918212890625e-01
7.644696831703186035e-01
7.395839691162109375e-01
4.713841974735260010e-01
7.906707525253295898e-01
7.564942836761474609e-01
6.887639760971069336e-01
7.082160115242004395e-01
7.092252373695373535e-01
8.176337480545043945e-01
6.800799965858459473e-01
7.193680405616760254e-01
7.605943083763122559e-01
5.900714993476867676e-01
5.667068362236022949e-01
6.541943550109863281e-01
9.493936300277709961e-01
5.435186028480529785e-01
5.262544751167297363e-01
6.235620379447937012e-01
6.729364991188049316e-01
5.728994607925415039e-01
9.985480904579162598e-01
4.975355565547943115e-01
5.598023533821105957e-01
6.173449754714965820e-01
6.699692010879516602e-01
5.617403388023376465e-01
9.814003705978393555e-01
5.008590817451477051e-01
5.809042453765869141e-01
6.512255668640136719e-01
5.906420946121215820e-01
6.826782226562500000e-01
9.773014187812805176e-01
5.759576559066772461e-01
5.722591876983642578e-01
6.986501216888427734e-01
9.416183233261108398e-01
4.913856387138366699e-01
6.965196132659912109e-01
6.476814746856689453e-01
5.660927891731262207e-01
9.356100559234619141e-01
5.230819582939147949e-01
4.996113181114196777e-01
6.947737932205200195e-01
6.074771285057067871e-01
9.396356940269470215e-01
4.845437407493591309e-01
6.081654429435729980e-01
6.665248870849609375e-01
6.307935714721679688e-01
9.726443290710449219e-01
4.919561743736267090e-01
7.394664883613586426e-01
5.874881744384765625e-01
9.298186302185058594e-01
5.166134834289550781e-01
5.199252963066101074e-01
7.015252113342285156e-01
5.384354591369628906e-01
9.325065016746520996e-01
5.107147097587585449e-01
7.036066651344299316e-01
5.860145092010498047e-01
6.254981160163879395e-01
9.414464235305786133e-01
5.461344718933105469e-01
7.168034911155700684e-01
6.162397861480712891e-01
9.448016285896301270e-01
4.632104933261871338e-01
6.603489518165588379e-01
5.560939311981201172e-01
6.464411020278930664e-01
9.554284214973449707e-01
5.068900585174560547e-01
6.497969627380371094e-01
5.875702500343322754e-01
6.961178779602050781e-01
9.786515831947326660e-01
5.348899960517883301e-01
7.034583091735839844e-01
6.488256454467773438e-01
9.300072789192199707e-01
5.772175788879394531e-01
5.529889464378356934e-01
7.153835892677307129e-01
9.383744001388549805e-01
5.203310847282409668e-01
7.475265860557556152e-01
5.917266011238098145e-01
9.166444540023803711e-01
5.541090965270996094e-01
7.057558894157409668e-01
5.855838060379028320e-01
9.247828125953674316e-01
5.932084321975708008e-01
7.342103719711303711e-01
9.195294380187988281e-01
5.321607589721679688e-01
7.305164337158203125e-01
6.214993000030517578e-01
9.382115006446838379e-01
5.381737351417541504e-01
6.329047679901123047e-01
6.839478611946105957e-01
9.490240812301635742e-01
6.261580586433410645e-01
7.069907188415527344e-01
9.263898730278015137e-01
6.228550076484680176e-01
5.946390628814697266e-01
6.641740798950195312e-01
6.225628852844238281e-01
9.556873440742492676e-01
6.091729402542114258e-01
7.627232670783996582e-01
9.127592444419860840e-01
5.618483424186706543e-01
6.933732032775878906e-01
6.365487575531005859e-01
9.579193592071533203e-01
6.116142272949218750e-01
7.910750508308410645e-01
9.054019451141357422e-01
6.027042865753173828e-01
5.749009251594543457e-01
5.801633000373840332e-01
6.530020833015441895e-01
9.777439832687377930e-01
6.116032004356384277e-01
7.202222943305969238e-01
9.064297080039978027e-01
5.687254071235656738e-01
6.221150159835815430e-01
6.850485205650329590e-01
9.560225605964660645e-01
6.852101087570190430e-01
6.549804210662841797e-01
6.614553332328796387e-01
9.451786875724792480e-01
5.699638128280639648e-01
6.833972930908203125e-01
6.879596710205078125e-01
9.373912811279296875e-01
5.488612055778503418e-01
6.418064832687377930e-01
6.315718889236450195e-01
9.657911658287048340e-01
5.391752719879150391e-01
6.621287465095520020e-01
6.427567005157470703e-01
9.566125869750976562e-01
7.184477448463439941e-01
7.172764539718627930e-01
9.193407297134399414e-01
5.584481954574584961e-01
6.522014737129211426e-01
6.451761126518249512e-01
9.616145491600036621e-01
5.317040681838989258e-01
6.713316440582275391e-01
6.967633366584777832e-01
9.338712096214294434e-01
6.548613309860229492e-01
6.757708787918090820e-01
6.395701169967651367e-01
9.435327053070068359e-01
5.561281442642211914e-01
6.461825370788574219e-01
6.265229582786560059e-01
9.662653207778930664e-01
