5.920769572257995605e-01
5.801449418067932129e-01
8.436581492424011230e-01
8.607273101806640625e-01
8.450711965560913086e-01
8.052137494087219238e-01
8.309394717216491699e-01
7.671807408332824707e-01
5.603942871093750000e-01
8.377397656440734863e-01
8.661099076271057129e-01
8.151847124099731445e-01
8.210400938987731934e-01
7.980971932411193848e-01
7.341603636741638184e-01
7.781848907470703125e-01
7.364174127578735352e-01
7.648396492004394531e-01
5.858130455017089844e-01
5.778034925460815430e-01
8.444121479988098145e-01
8.733664751052856445e-01
7.454913258552551270e-01
7.607939243316650391e-01
8.042238950729370117e-01
7.866489291191101074e-01
5.436969995498657227e-01
8.531107306480407715e-01
8.257895708084106445e-01
7.505076527595520020e-01
7.868071794509887695e-01
7.738286852836608887e-01
8.808528780937194824e-01
7.612369656562805176e-01
7.758960723876953125e-01
8.267185091972351074e-01
6.157935261726379395e-01
6.060897707939147949e-01
6.729618310928344727e-01
9.453320503234863281e-01
5.750727653503417969e-01
5.311849713325500488e-01
6.644027829170227051e-01
6.927795410156250000e-01
6.235840320587158203e-01
1.015818715095520020e+00
5.354434251785278320e-01
5.938406586647033691e-01
6.693706512451171875e-01
6.954374909400939941e-01
5.926258563995361328e-01
1.014423370361328125e+00
5.257900357246398926e-01
6.161322593688964844e-01
6.810873150825500488e-01
6.181579232215881348e-01
7.146016955375671387e-01
1.006138920783996582e+00
6.177155971527099609e-01
5.876055359840393066e-01
7.368350625038146973e-01
9.498577117919921875e-01
4.912045001983642578e-01
7.377032637596130371e-01
6.858648061752319336e-01
5.879214406013488770e-01
9.656606912612915039e-01
5.613487958908081055e-01
5.530444979667663574e-01
7.311344146728515625e-01
6.653710007667541504e-01
9.622830152511596680e-01
4.998784363269805908e-01
6.466622352600097656e-01
6.986221671104431152e-01
6.746739745140075684e-01
9.957250952720642090e-01
5.539903640747070312e-01
7.696853876113891602e-01
6.127126812934875488e-01
9.555932879447937012e-01
5.691726803779602051e-01
5.398689508438110352e-01
7.299525737762451172e-01
5.808123946189880371e-01
9.675123691558837891e-01
5.185796022415161133e-01
7.306749224662780762e-01
6.198480725288391113e-01
6.627917885780334473e-01
9.610385298728942871e-01
6.091736555099487305e-01
7.487114667892456055e-01
6.528900861740112305e-01
9.480957388877868652e-01
5.096279978752136230e-01
7.171227335929870605e-01
5.903173685073852539e-01
6.952154040336608887e-01
9.773970842361450195e-01
5.338906645774841309e-01
6.650899052619934082e-01
6.330956220626831055e-01
7.279845476150512695e-01
9.907059669494628906e-01
5.828534364700317383e-01
7.499837279319763184e-01
6.740595698356628418e-01
9.544877409934997559e-01
6.073566675186157227e-01
5.716774463653564453e-01
7.455570101737976074e-01
9.415605068206787109e-01
5.737265348434448242e-01
7.779189944267272949e-01
6.258099675178527832e-01
9.417585730552673340e-01
6.035819649696350098e-01
7.542293667793273926e-01
6.059625148773193359e-01
9.526467919349670410e-01
6.124373078346252441e-01
7.743054032325744629e-01
9.231371283531188965e-01
5.519171953201293945e-01
7.734143733978271484e-01
6.396496295928955078e-01
9.571738243103027344e-01
5.642775297164916992e-01
6.823203563690185547e-01
7.372465729713439941e-01
9.688285589218139648e-01
6.645411849021911621e-01
7.283216714859008789e-01
9.128802418708801270e-01
6.524330973625183105e-01
6.480345726013183594e-01
7.099791765213012695e-01
6.500412821769714355e-01
9.853930473327636719e-01
6.405000686645507812e-01
8.141067028045654297e-01
9.192750453948974609e-01
5.673034191131591797e-01
7.326136231422424316e-01
6.695035099983215332e-01
9.730024337768554688e-01
6.221842169761657715e-01
8.361501097679138184e-01
9.324466586112976074e-01
6.570038795471191406e-01
6.145074367523193359e-01
6.161226034164428711e-01
6.961120963096618652e-01
1.008176326751708984e+00
6.472120285034179688e-01
7.703050971031188965e-01
9.085186719894409180e-01
6.078005433082580566e-01
6.500369906425476074e-01
7.299006581306457520e-01
9.499523639678955078e-01
6.970456242561340332e-01
6.706675291061401367e-01
6.997588276863098145e-01
9.581440687179565430e-01
5.605601668357849121e-01
7.140590548515319824e-01
7.162981629371643066e-01
9.500585198402404785e-01
5.931164622306823730e-01
6.800886988639831543e-01
6.722607016563415527e-01
9.539871811866760254e-01
5.784832239151000977e-01
7.129074931144714355e-01
6.984996199607849121e-01
9.571086764335632324e-01
7.492381930351257324e-01
7.381832599639892578e-01
9.272136092185974121e-01
5.751932263374328613e-01
6.830660700798034668e-01
6.681384444236755371e-01
9.602078199386596680e-01
5.674126744270324707e-01
6.914414167404174805e-01
7.339403033256530762e-01
9.476052522659301758e-01
6.918088793754577637e-01
7.100665569305419922e-01
6.807520389556884766e-01
9.503199458122253418e-01
5.754147768020629883e-01
6.968312859535217285e-01
6.651930809020996094e-01
9.605166912078857422e-01
