4.094832241535186768e-01
4.283440709114074707e-01
7.721033096313476562e-01
8.555927872657775879e-01
8.212667107582092285e-01
7.902446985244750977e-01
7.453858852386474609e-01
5.566967725753784180e-01
3.787586987018585205e-01
7.941409945487976074e-01
7.927165627479553223e-01
5.436860322952270508e-01
7.437228560447692871e-01
6.068432927131652832e-01
7.490396499633789062e-01
6.655904054641723633e-01
4.640771448612213135e-01
5.593805909156799316e-01
4.774155318737030029e-01
5.274441838264465332e-01
8.308107256889343262e-01
8.409697413444519043e-01
8.012527227401733398e-01
7.542702555656433105e-01
7.369502186775207520e-01
6.138673424720764160e-01
3.739532232284545898e-01
7.550048828125000000e-01
8.153936862945556641e-01
5.368766784667968750e-01
7.281435132026672363e-01
5.270382761955261230e-01
7.934806942939758301e-01
7.397773861885070801e-01
7.096984386444091797e-01
6.475132107734680176e-01
6.719672679901123047e-01
5.343216657638549805e-01
8.008886575698852539e-01
1.060419917106628418e+00
4.372899532318115234e-01
4.254481196403503418e-01
6.601964831352233887e-01
8.240438699722290039e-01
5.943596363067626953e-01
1.018479704856872559e+00
3.538428544998168945e-01
4.449546039104461670e-01
6.475813388824462891e-01
8.804880380630493164e-01
5.989759564399719238e-01
9.677252173423767090e-01
3.261398673057556152e-01
5.557165145874023438e-01
6.701640486717224121e-01
5.998967289924621582e-01
8.392815589904785156e-01
9.979553818702697754e-01
5.583146810531616211e-01
6.728379726409912109e-01
9.188953638076782227e-01
9.700534939765930176e-01
4.235777556896209717e-01
9.468462467193603516e-01
8.367521166801452637e-01
6.804124712944030762e-01
9.444171786308288574e-01
5.389193296432495117e-01
7.179669141769409180e-01
8.696533441543579102e-01
7.476310729980468750e-01
9.537957906723022461e-01
5.331225991249084473e-01
7.115576863288879395e-01
8.544990420341491699e-01
8.137190937995910645e-01
9.560651779174804688e-01
4.795678555965423584e-01
9.617679119110107422e-01
6.833952665328979492e-01
9.367941021919250488e-01
6.332758069038391113e-01
5.616487860679626465e-01
8.756641745567321777e-01
6.167404651641845703e-01
9.734854102134704590e-01
4.640775024890899658e-01
9.151322245597839355e-01
6.679677963256835938e-01
7.819333672523498535e-01
9.609993696212768555e-01
6.099825501441955566e-01
8.674272298812866211e-01
7.153058052062988281e-01
9.668332934379577637e-01
4.472721517086029053e-01
8.324624300003051758e-01
6.015411615371704102e-01
7.677952051162719727e-01
9.477262496948242188e-01
3.756010830402374268e-01
7.061118483543395996e-01
6.609746813774108887e-01
9.172270894050598145e-01
9.752430915832519531e-01
5.463746786117553711e-01
9.206657409667968750e-01
7.988381981849670410e-01
9.397677183151245117e-01
6.205749511718750000e-01
7.266122102737426758e-01
9.375953078269958496e-01
9.598662257194519043e-01
5.582002997398376465e-01
9.600095152854919434e-01
6.811769604682922363e-01
9.604221582412719727e-01
6.346442699432373047e-01
8.906279206275939941e-01
6.391162872314453125e-01
9.593137502670288086e-01
6.556017994880676270e-01
9.546502828598022461e-01
9.715018272399902344e-01
6.122165322303771973e-01
9.494237899780273438e-01
7.225985527038574219e-01
9.332896471023559570e-01
6.962630152702331543e-01
7.332041263580322266e-01
8.501593470573425293e-01
9.537677168846130371e-01
6.968960165977478027e-01
8.482532501220703125e-01
1.012506484985351562e+00
7.689561247825622559e-01
7.048170566558837891e-01
8.651434183120727539e-01
7.400013804435729980e-01
9.465007185935974121e-01
5.978608727455139160e-01
9.777727723121643066e-01
9.370125532150268555e-01
6.112740039825439453e-01
8.961464166641235352e-01
8.475100398063659668e-01
9.858751296997070312e-01
6.545217633247375488e-01
1.006575226783752441e+00
9.255375266075134277e-01
5.665101408958435059e-01
6.069625616073608398e-01
5.402962565422058105e-01
7.547708153724670410e-01
9.668397903442382812e-01
7.222124338150024414e-01
9.264780282974243164e-01
9.816198348999023438e-01
6.378538608551025391e-01
7.128046154975891113e-01
9.084791541099548340e-01
9.625114798545837402e-01
8.338972330093383789e-01
8.211588859558105469e-01
8.153344392776489258e-01
9.373335838317871094e-01
5.750722885131835938e-01
9.009861350059509277e-01
8.439873456954956055e-01
9.451766610145568848e-01
4.860149025917053223e-01
7.474364638328552246e-01
6.673220992088317871e-01
1.035622000694274902e+00
5.511980652809143066e-01
8.928612470626831055e-01
8.367791771888732910e-01
9.694691300392150879e-01
8.805155158042907715e-01
8.783636093139648438e-01
9.150622487068176270e-01
5.265565514564514160e-01
7.327281236648559570e-01
6.819864511489868164e-01
1.028983592987060547e+00
6.803185343742370605e-01
8.206673860549926758e-01
8.833785653114318848e-01
9.485001564025878906e-01
8.156566023826599121e-01
8.603240847587585449e-01
8.002160787582397461e-01
9.361549615859985352e-01
4.637458324432373047e-01
6.645531058311462402e-01
6.585030555725097656e-01
1.045368075370788574e+00
