6.079667210578918457e-01
5.674657225608825684e-01
8.512757420539855957e-01
8.828895688056945801e-01
8.610709905624389648e-01
8.325079083442687988e-01
8.337217569351196289e-01
7.373441457748413086e-01
5.830165743827819824e-01
8.823459744453430176e-01
8.804805278778076172e-01
8.069441914558410645e-01
8.409571647644042969e-01
8.064674139022827148e-01
7.820450067520141602e-01
7.897248268127441406e-01
7.108090519905090332e-01
7.741686105728149414e-01
6.087069511413574219e-01
5.794517397880554199e-01
8.498256206512451172e-01
8.914563059806823730e-01
8.019394874572753906e-01
7.993364334106445312e-01
8.112376332283020020e-01
7.805192470550537109e-01
5.283335447311401367e-01
8.549559116363525391e-01
8.655503988265991211e-01
7.767346501350402832e-01
8.114972114562988281e-01
7.791832089424133301e-01
8.732956051826477051e-01
8.074645996093750000e-01
8.322978615760803223e-01
8.485707640647888184e-01
6.399718523025512695e-01
6.310955286026000977e-01
7.325623035430908203e-01
9.825669527053833008e-01
6.032187342643737793e-01
5.641116499900817871e-01
7.132636308670043945e-01
7.458485960960388184e-01
6.667838096618652344e-01
1.054643034934997559e+00
5.544497370719909668e-01
6.283065080642700195e-01
7.081578373908996582e-01
7.748068571090698242e-01
6.366578936576843262e-01
1.061345100402832031e+00
5.469831824302673340e-01
6.635498404502868652e-01
7.334665060043334961e-01
6.444075107574462891e-01
7.677118182182312012e-01
1.043492436408996582e+00
6.341356039047241211e-01
6.131588816642761230e-01
8.084498047828674316e-01
9.867017865180969238e-01
5.183377265930175781e-01
8.189666271209716797e-01
7.503023147583007812e-01
6.186341047286987305e-01
1.005469322204589844e+00
5.917133092880249023e-01
5.766592621803283691e-01
8.093900084495544434e-01
7.077134251594543457e-01
1.018873929977416992e+00
5.560783147811889648e-01
7.101008892059326172e-01
7.613686919212341309e-01
7.408295273780822754e-01
1.043280243873596191e+00
5.631549358367919922e-01
8.448306322097778320e-01
6.677423119544982910e-01
9.975403547286987305e-01
6.029983162879943848e-01
5.612402558326721191e-01
8.093237280845642090e-01
6.431678533554077148e-01
1.012648940086364746e+00
5.687097311019897461e-01
8.003163337707519531e-01
6.613004207611083984e-01
7.320734858512878418e-01
1.013366818428039551e+00
6.121510267257690430e-01
8.028985261917114258e-01
7.031664848327636719e-01
9.829604625701904297e-01
5.270842313766479492e-01
7.516747713088989258e-01
6.275354623794555664e-01
7.587988376617431641e-01
1.023527979850769043e+00
5.536226034164428711e-01
7.014822959899902344e-01
6.765155196189880371e-01
7.940081954002380371e-01
1.019228816032409668e+00
6.072707772254943848e-01
8.207975625991821289e-01
7.348302602767944336e-01
9.970949292182922363e-01
6.450995206832885742e-01
6.133177280426025391e-01
8.222437500953674316e-01
9.802024960517883301e-01
6.024489402770996094e-01
8.604004979133605957e-01
6.589977145195007324e-01
9.767574667930603027e-01
6.248950362205505371e-01
8.048965334892272949e-01
6.598204970359802246e-01
1.003748655319213867e+00
6.557891368865966797e-01
8.475890159606933594e-01
9.520697593688964844e-01
6.000196337699890137e-01
8.377961516380310059e-01
6.911961436271667480e-01
1.000280976295471191e+00
5.746406316757202148e-01
7.367118597030639648e-01
7.798320055007934570e-01
1.008699417114257812e+00
6.888904571533203125e-01
8.005000352859497070e-01
9.466944932937622070e-01
7.202804088592529297e-01
6.975331902503967285e-01
7.775216698646545410e-01
7.175582051277160645e-01
1.024166822433471680e+00
6.704334616661071777e-01
8.626986742019653320e-01
9.601331949234008789e-01
5.996149778366088867e-01
7.862241268157958984e-01
7.310346961021423340e-01
9.956414699554443359e-01
6.483431458473205566e-01
8.954074978828430176e-01
9.711803197860717773e-01
6.966612339019775391e-01
6.405535936355590820e-01
6.806250214576721191e-01
7.463811039924621582e-01
1.055739998817443848e+00
6.621145009994506836e-01
8.162409663200378418e-01
9.500347971916198730e-01
6.243759989738464355e-01
7.037002444267272949e-01
7.962622642517089844e-01
9.935069084167480469e-01
7.622962594032287598e-01
7.326569557189941406e-01
7.647369503974914551e-01
1.000853180885314941e+00
5.952717065811157227e-01
7.884734272956848145e-01
7.666079401969909668e-01
9.895320534706115723e-01
6.120802760124206543e-01
7.384601831436157227e-01
7.030429840087890625e-01
9.934540987014770508e-01
6.148407459259033203e-01
7.718139886856079102e-01
7.375516891479492188e-01
9.974699616432189941e-01
8.202311396598815918e-01
7.866898179054260254e-01
9.655233025550842285e-01
6.125561594963073730e-01
7.420492768287658691e-01
7.031736373901367188e-01
9.869779348373413086e-01
6.116109490394592285e-01
7.527267336845397949e-01
7.843873500823974609e-01
9.909434914588928223e-01
7.513794302940368652e-01
7.679353356361389160e-01
7.420737147331237793e-01
9.998491406440734863e-01
6.109158992767333984e-01
7.512197494506835938e-01
7.048665881156921387e-01
9.992026090621948242e-01
