5.716574192047119141e-01
5.466470718383789062e-01
8.288285136222839355e-01
8.652641177177429199e-01
8.442435860633850098e-01
8.065386414527893066e-01
8.062152266502380371e-01
7.180754542350769043e-01
5.618435144424438477e-01
8.609902858734130859e-01
8.475043177604675293e-01
7.635566592216491699e-01
8.209837079048156738e-01
7.657961845397949219e-01
7.830465435981750488e-01
7.797959446907043457e-01
6.827027201652526855e-01
7.570220828056335449e-01
5.672905445098876953e-01
5.427681803703308105e-01
8.241770863533020020e-01
8.792056441307067871e-01
8.003526329994201660e-01
7.899324297904968262e-01
7.844598889350891113e-01
7.636325955390930176e-01
4.798289835453033447e-01
8.182120919227600098e-01
8.300458192825317383e-01
7.435380220413208008e-01
7.744542956352233887e-01
7.372116446495056152e-01
8.239008188247680664e-01
7.890567779541015625e-01
7.926474809646606445e-01
8.168272972106933594e-01
6.693174242973327637e-01
6.537758111953735352e-01
7.514052391052246094e-01
9.620503187179565430e-01
6.202058196067810059e-01
5.817322731018066406e-01
7.174147367477416992e-01
7.823161482810974121e-01
6.829636096954345703e-01
1.021399617195129395e+00
5.400719642639160156e-01
6.220957636833190918e-01
7.044330835342407227e-01
7.889091372489929199e-01
6.409727334976196289e-01
1.022927641868591309e+00
5.451321005821228027e-01
6.728942394256591797e-01
7.322158217430114746e-01
6.833570599555969238e-01
8.003154397010803223e-01
1.002099275588989258e+00
6.326035261154174805e-01
6.368693113327026367e-01
8.416203260421752930e-01
9.812893867492675781e-01
5.360090136528015137e-01
8.161390423774719238e-01
7.479382157325744629e-01
6.401472091674804688e-01
9.794962406158447266e-01
6.046166419982910156e-01
5.875210165977478027e-01
8.141640424728393555e-01
7.214359045028686523e-01
9.885528087615966797e-01
5.328778028488159180e-01
7.104489803314208984e-01
7.809191346168518066e-01
7.465031147003173828e-01
1.007329344749450684e+00
5.673065781593322754e-01
8.715061545372009277e-01
6.919367909431457520e-01
9.778220057487487793e-01
6.029985547065734863e-01
5.668050646781921387e-01
8.263434767723083496e-01
6.271364688873291016e-01
9.903043508529663086e-01
5.719863176345825195e-01
8.234992623329162598e-01
6.658622026443481445e-01
7.416899204254150391e-01
9.838300347328186035e-01
6.495080590248107910e-01
8.484501242637634277e-01
7.212499380111694336e-01
9.669567346572875977e-01
5.405920743942260742e-01
7.880945205688476562e-01
6.571345329284667969e-01
7.732012271881103516e-01
1.007006764411926270e+00
5.604333877563476562e-01
7.366744279861450195e-01
6.718576550483703613e-01
8.214243650436401367e-01
1.000728130340576172e+00
5.992716550827026367e-01
8.455998301506042480e-01
7.392252683639526367e-01
9.694759249687194824e-01
6.488842368125915527e-01
6.205038428306579590e-01
8.520221710205078125e-01
9.600918292999267578e-01
6.151387095451354980e-01
8.779813051223754883e-01
6.754707694053649902e-01
9.613533616065979004e-01
6.004287004470825195e-01
8.081053495407104492e-01
6.450803875923156738e-01
9.786983728408813477e-01
6.706684827804565430e-01
8.636253476142883301e-01
9.311785697937011719e-01
5.971661210060119629e-01
8.684566617012023926e-01
7.090219259262084961e-01
9.831636548042297363e-01
5.804658532142639160e-01
7.280738949775695801e-01
7.906207442283630371e-01
9.800730943679809570e-01
6.994472146034240723e-01
8.193403482437133789e-01
9.367251992225646973e-01
7.293708920478820801e-01
6.891758441925048828e-01
7.939829826354980469e-01
7.273537516593933105e-01
1.001522064208984375e+00
6.696214079856872559e-01
8.888658881187438965e-01
9.384506344795227051e-01
6.188063621520996094e-01
8.296244740486145020e-01
7.345964908599853516e-01
9.714031219482421875e-01
6.665945649147033691e-01
9.117365479469299316e-01
9.469190835952758789e-01
6.885479688644409180e-01
6.641856431961059570e-01
6.720323562622070312e-01
7.454918026924133301e-01
1.023978710174560547e+00
6.570149064064025879e-01
8.396860957145690918e-01
9.245458245277404785e-01
6.307772397994995117e-01
7.449474930763244629e-01
8.226708769798278809e-01
9.759966135025024414e-01
7.792838811874389648e-01
7.387623786926269531e-01
7.739056348800659180e-01
9.799826741218566895e-01
5.876180529594421387e-01
8.204090595245361328e-01
7.870644927024841309e-01
9.734843373298645020e-01
6.517338752746582031e-01
7.591720223426818848e-01
7.458288669586181641e-01
9.721271395683288574e-01
6.042129993438720703e-01
7.989071011543273926e-01
7.688709497451782227e-01
9.767582416534423828e-01
8.302264809608459473e-01
8.002939224243164062e-01
9.444315433502197266e-01
6.239991188049316406e-01
7.676792144775390625e-01
7.420797944068908691e-01
9.658049941062927246e-01
6.434645056724548340e-01
7.559225559234619141e-01
8.115847706794738770e-01
9.734481573104858398e-01
7.641178965568542480e-01
7.914167046546936035e-01
7.536619305610656738e-01
9.784788489341735840e-01
6.404580473899841309e-01
7.551351785659790039e-01
7.224766016006469727e-01
9.794339537620544434e-01
