6.417780518531799316e-01
6.143593192100524902e-01
8.901667594909667969e-01
9.064437150955200195e-01
8.923960328102111816e-01
8.515545129776000977e-01
8.497971296310424805e-01
7.747166752815246582e-01
5.812002420425415039e-01
8.936787843704223633e-01
8.966757059097290039e-01
8.196596503257751465e-01
8.573908805847167969e-01
8.101648092269897461e-01
7.883020639419555664e-01
8.322618603706359863e-01
7.495707869529724121e-01
7.978999018669128418e-01
6.248231530189514160e-01
5.896204710006713867e-01
8.780314326286315918e-01
9.185036420822143555e-01
8.026700615882873535e-01
8.020244240760803223e-01
8.267236948013305664e-01
8.108221888542175293e-01
5.392307043075561523e-01
8.862283229827880859e-01
8.760061860084533691e-01
8.023133277893066406e-01
8.253572583198547363e-01
8.014073371887207031e-01
8.936981558799743652e-01
8.076449632644653320e-01
8.404645919799804688e-01
8.753947615623474121e-01
6.483696699142456055e-01
6.030273437500000000e-01
7.225868701934814453e-01
9.906749725341796875e-01
6.037840247154235840e-01
5.735844373703002930e-01
7.093021869659423828e-01
7.365641593933105469e-01
6.581434011459350586e-01
1.049409151077270508e+00
5.297958254814147949e-01
6.195008158683776855e-01
6.965756416320800781e-01
7.474003434181213379e-01
6.356124877929687500e-01
1.063076734542846680e+00
5.499480366706848145e-01
6.461672782897949219e-01
7.042177915573120117e-01
6.407285332679748535e-01
7.446607947349548340e-01
1.047309994697570801e+00
6.167662143707275391e-01
6.158615350723266602e-01
7.872904539108276367e-01
9.927492737770080566e-01
5.303725600242614746e-01
7.848469018936157227e-01
7.318748831748962402e-01
6.013377904891967773e-01
1.005517959594726562e+00
5.707664489746093750e-01
5.875325202941894531e-01
7.752526998519897461e-01
6.771073937416076660e-01
1.015440940856933594e+00
5.352513194084167480e-01
6.849374771118164062e-01
7.523229122161865234e-01
7.178040146827697754e-01
1.047775268554687500e+00
5.669978260993957520e-01
8.093718290328979492e-01
6.546546816825866699e-01
1.004102230072021484e+00
5.893110036849975586e-01
5.506204366683959961e-01
7.839329242706298828e-01
6.284934282302856445e-01
1.008476376533508301e+00
5.600923895835876465e-01
7.736818790435791016e-01
6.352794170379638672e-01
7.094044685363769531e-01
1.012235641479492188e+00
6.126405000686645508e-01
7.874737381935119629e-01
6.803054809570312500e-01
9.920241236686706543e-01
5.517296195030212402e-01
7.624477148056030273e-01
6.226356625556945801e-01
7.247147560119628906e-01
1.032501220703125000e+00
5.638456940650939941e-01
6.931521892547607422e-01
6.555314660072326660e-01
7.775701284408569336e-01
1.036312103271484375e+00
5.843636393547058105e-01
7.931303381919860840e-01
7.236788272857666016e-01
9.871975183486938477e-01
6.141740679740905762e-01
5.992240905761718750e-01
7.959805130958557129e-01
9.862247109413146973e-01
5.852770805358886719e-01
8.277133703231811523e-01
6.583170890808105469e-01
9.680395722389221191e-01
5.923576354980468750e-01
7.818443179130554199e-01
6.341235637664794922e-01
1.001376628875732422e+00
6.644306182861328125e-01
8.043462038040161133e-01
9.547380208969116211e-01
5.767995715141296387e-01
8.147534132003784180e-01
7.036897540092468262e-01
1.005494117736816406e+00
5.902082324028015137e-01
7.132400274276733398e-01
7.627601027488708496e-01
1.008303403854370117e+00
6.738421320915222168e-01
7.928360104560852051e-01
9.529788494110107422e-01
7.026981115341186523e-01
6.775317192077636719e-01
7.386938929557800293e-01
7.035514712333679199e-01
1.038918614387512207e+00
6.715642809867858887e-01
8.412184119224548340e-01
9.625930786132812500e-01
5.961930155754089355e-01
7.786354422569274902e-01
7.110449671745300293e-01
9.982998967170715332e-01
6.612484455108642578e-01
8.692578077316284180e-01
9.489972591400146484e-01
6.809785366058349609e-01
6.664069294929504395e-01
6.626018881797790527e-01
7.260769009590148926e-01
1.058577656745910645e+00
6.699448823928833008e-01
7.888863086700439453e-01
9.585377573966979980e-01
6.456973552703857422e-01
6.826607584953308105e-01
7.746223807334899902e-01
1.000744223594665527e+00
7.405490875244140625e-01
7.190194129943847656e-01
7.475702166557312012e-01
9.995740056037902832e-01
5.914211869239807129e-01
7.681533098220825195e-01
7.519768476486206055e-01
9.967208504676818848e-01
6.304266452789306641e-01
7.122999429702758789e-01
6.950897574424743652e-01
9.933245778083801270e-01
6.019963622093200684e-01
7.604001760482788086e-01
7.279740571975708008e-01
9.991313219070434570e-01
7.803607583045959473e-01
7.667320966720581055e-01
9.732162952423095703e-01
5.952827334403991699e-01
7.225556373596191406e-01
6.863128542900085449e-01
9.962724447250366211e-01
6.015661954879760742e-01
7.372333407402038574e-01
7.566744685173034668e-01
9.976297020912170410e-01
7.232988476753234863e-01
7.455745935440063477e-01
7.230253219604492188e-01
1.012533187866210938e+00
5.980718135833740234e-01
7.266780734062194824e-01
6.889253854751586914e-01
1.008805036544799805e+00
