5.580248832702636719e-01
5.186190605163574219e-01
8.288811445236206055e-01
8.551141619682312012e-01
8.396952152252197266e-01
7.905644178390502930e-01
7.932522892951965332e-01
7.014093995094299316e-01
5.131909251213073730e-01
8.408520221710205078e-01
8.361692428588867188e-01
7.486394047737121582e-01
7.938824295997619629e-01
7.412989735603332520e-01
7.527241110801696777e-01
7.660119533538818359e-01
6.448777318000793457e-01
7.400001287460327148e-01
5.476816296577453613e-01
5.381855964660644531e-01
8.140230774879455566e-01
8.597672581672668457e-01
8.110572099685668945e-01
7.559702992439270020e-01
7.661771178245544434e-01
7.491661906242370605e-01
4.617577493190765381e-01
8.183783888816833496e-01
8.093888759613037109e-01
7.123359441757202148e-01
7.786481976509094238e-01
7.071211338043212891e-01
8.252124786376953125e-01
7.753365039825439453e-01
7.851692438125610352e-01
7.938623428344726562e-01
6.857793927192687988e-01
6.527882218360900879e-01
7.749837636947631836e-01
9.735423922538757324e-01
6.119451522827148438e-01
5.800549983978271484e-01
7.412081360816955566e-01
7.832485437393188477e-01
6.954260468482971191e-01
1.017090559005737305e+00
5.252930521965026855e-01
6.206611394882202148e-01
7.317966222763061523e-01
8.126723170280456543e-01
6.572021245956420898e-01
1.012215495109558105e+00
5.199445486068725586e-01
6.855276823043823242e-01
7.521484494209289551e-01
6.707022786140441895e-01
8.161490559577941895e-01
1.002326965332031250e+00
6.739556193351745605e-01
6.466986536979675293e-01
8.520164489746093750e-01
9.670138359069824219e-01
5.222433805465698242e-01
8.549701571464538574e-01
7.590976357460021973e-01
6.383429765701293945e-01
9.728742837905883789e-01
5.868682861328125000e-01
5.906039476394653320e-01
8.329129219055175781e-01
7.230665087699890137e-01
9.968200922012329102e-01
5.332422852516174316e-01
7.394553422927856445e-01
7.778443098068237305e-01
7.539485692977905273e-01
9.976928234100341797e-01
5.651416182518005371e-01
8.921824097633361816e-01
6.831227540969848633e-01
9.869173169136047363e-01
6.130676269531250000e-01
5.655408501625061035e-01
8.365876674652099609e-01
6.475644111633300781e-01
9.943139553070068359e-01
6.313774585723876953e-01
8.495842814445495605e-01
6.815011501312255859e-01
7.621394991874694824e-01
9.809170961380004883e-01
6.681840419769287109e-01
8.552072644233703613e-01
7.672221660614013672e-01
9.669389128684997559e-01
5.166490674018859863e-01
8.074892759323120117e-01
6.498641371726989746e-01
7.864403128623962402e-01
9.888803958892822266e-01
5.352739691734313965e-01
7.432434558868408203e-01
6.994577646255493164e-01
8.328915238380432129e-01
9.890922307968139648e-01
6.118618845939636230e-01
8.744704723358154297e-01
7.634301185607910156e-01
9.769422411918640137e-01
6.713141798973083496e-01
6.610267162322998047e-01
8.898013234138488770e-01
9.710605144500732422e-01
6.110810041427612305e-01
9.191612601280212402e-01
6.848530173301696777e-01
9.630959630012512207e-01
6.186009049415588379e-01
8.324168920516967773e-01
6.343619227409362793e-01
9.776802659034729004e-01
6.953005790710449219e-01
8.891409039497375488e-01
9.406875967979431152e-01
6.074379086494445801e-01
8.964654803276062012e-01
7.360115647315979004e-01
9.887939691543579102e-01
5.925927758216857910e-01
7.405309677124023438e-01
8.110528588294982910e-01
9.825850129127502441e-01
7.212750911712646484e-01
8.314173817634582520e-01
9.526396393775939941e-01
7.497248649597167969e-01
7.175567150115966797e-01
8.132238984107971191e-01
7.683367133140563965e-01
9.913687109947204590e-01
7.044013142585754395e-01
9.154422283172607422e-01
9.563978910446166992e-01
6.129221916198730469e-01
8.494923114776611328e-01
7.594991922378540039e-01
9.666219949722290039e-01
6.609454751014709473e-01
9.371629953384399414e-01
9.557299613952636719e-01
7.010193467140197754e-01
6.566919684410095215e-01
6.794316172599792480e-01
7.699750661849975586e-01
1.021323323249816895e+00
7.071413993835449219e-01
8.850484490394592285e-01
9.405539631843566895e-01
6.621062755584716797e-01
7.567151188850402832e-01
8.487094044685363770e-01
9.699460268020629883e-01
8.119983673095703125e-01
7.689535617828369141e-01
7.981697916984558105e-01
9.723700881004333496e-01
5.933314561843872070e-01
8.381888866424560547e-01
8.249912858009338379e-01
9.638865590095520020e-01
6.562604904174804688e-01
7.896045446395874023e-01
7.592637538909912109e-01
9.773533344268798828e-01
6.249892115592956543e-01
8.267196416854858398e-01
7.936517596244812012e-01
9.653348922729492188e-01
8.571569919586181641e-01
8.102247714996337891e-01
9.529140591621398926e-01
6.625815629959106445e-01
7.914843559265136719e-01
7.488464713096618652e-01
9.745769500732421875e-01
6.217118501663208008e-01
7.870293855667114258e-01
8.509420156478881836e-01
9.656211733818054199e-01
7.860053777694702148e-01
8.190862536430358887e-01
7.888965010643005371e-01
9.745154380798339844e-01
6.578835844993591309e-01
7.817016243934631348e-01
7.530267238616943359e-01
9.847879409790039062e-01
