6.389480233192443848e-01
6.031805872917175293e-01
8.712371587753295898e-01
8.890235424041748047e-01
8.765231966972351074e-01
8.424634933471679688e-01
8.432205319404602051e-01
7.643012404441833496e-01
6.030635833740234375e-01
8.662496805191040039e-01
8.992624878883361816e-01
8.320277929306030273e-01
8.434966802597045898e-01
8.188865780830383301e-01
7.622805833816528320e-01
8.175401687622070312e-01
7.487843632698059082e-01
7.848150730133056641e-01
6.339108943939208984e-01
6.121503114700317383e-01
8.670700192451477051e-01
8.898416757583618164e-01
7.609016299247741699e-01
7.790074944496154785e-01
8.073663711547851562e-01
7.971041202545166016e-01
5.282330513000488281e-01
8.612561225891113281e-01
8.661562204360961914e-01
7.712014317512512207e-01
8.182800412178039551e-01
7.990010976791381836e-01
8.921117186546325684e-01
8.059836626052856445e-01
7.978815436363220215e-01
8.639398217201232910e-01
6.214991807937622070e-01
6.048299670219421387e-01
6.896616220474243164e-01
9.646714925765991211e-01
5.783425569534301758e-01
5.387873649597167969e-01
6.876969933509826660e-01
7.145525813102722168e-01
6.288026571273803711e-01
1.030930995941162109e+00
5.344391465187072754e-01
6.038067936897277832e-01
6.869363188743591309e-01
7.455900311470031738e-01
6.147111654281616211e-01
1.037949800491333008e+00
5.452088117599487305e-01
6.582663655281066895e-01
6.939221620559692383e-01
6.249727606773376465e-01
7.432197928428649902e-01
1.019181728363037109e+00
6.203639507293701172e-01
5.819830894470214844e-01
7.570767402648925781e-01
9.570960402488708496e-01
5.407323837280273438e-01
7.568154335021972656e-01
6.920845508575439453e-01
6.105636954307556152e-01
9.804081916809082031e-01
5.706719160079956055e-01
5.523629784584045410e-01
7.607559561729431152e-01
6.676033735275268555e-01
9.936998486518859863e-01
5.048711895942687988e-01
6.736203432083129883e-01
7.158020734786987305e-01
6.811316609382629395e-01
1.011698722839355469e+00
5.661851763725280762e-01
7.973916530609130859e-01
6.429053544998168945e-01
9.709156155586242676e-01
5.779317617416381836e-01
5.535863041877746582e-01
7.477739453315734863e-01
5.988146662712097168e-01
9.827910661697387695e-01
5.406544208526611328e-01
7.476604580879211426e-01
6.176435947418212891e-01
6.890254616737365723e-01
9.864439368247985840e-01
6.069141626358032227e-01
7.651607394218444824e-01
6.687476634979248047e-01
9.603393077850341797e-01
5.021141767501831055e-01
7.337278723716735840e-01
6.081967949867248535e-01
7.034807801246643066e-01
1.003010392189025879e+00
5.451250672340393066e-01
6.888318061828613281e-01
6.274699568748474121e-01
7.529587745666503906e-01
1.001341223716735840e+00
5.867033004760742188e-01
7.701901197433471680e-01
7.041737437248229980e-01
9.724211096763610840e-01
6.045909523963928223e-01
5.891731381416320801e-01
7.717673182487487793e-01
9.584185481071472168e-01
5.725606679916381836e-01
8.072708845138549805e-01
6.246311664581298828e-01
9.511133432388305664e-01
6.026712656021118164e-01
7.506944537162780762e-01
6.158733367919921875e-01
9.585992693901062012e-01
6.380829811096191406e-01
7.772185206413269043e-01
9.314295053482055664e-01
5.849961638450622559e-01
7.928658127784729004e-01
6.591314673423767090e-01
9.725964665412902832e-01
6.067172288894653320e-01
6.963955163955688477e-01
7.428655028343200684e-01
9.824047088623046875e-01
6.534368395805358887e-01
7.638384103775024414e-01
9.218350648880004883e-01
6.846593618392944336e-01
6.539454460144042969e-01
7.135232686996459961e-01
6.614375710487365723e-01
1.007610678672790527e+00
6.481520533561706543e-01
8.225139975547790527e-01
9.373990893363952637e-01
5.924522280693054199e-01
7.380000948905944824e-01
7.101691365242004395e-01
9.744261503219604492e-01
6.534122824668884277e-01
8.411260843276977539e-01
9.376171231269836426e-01
6.647219657897949219e-01
6.300721168518066406e-01
6.387075185775756836e-01
7.074179649353027344e-01
1.028005242347717285e+00
6.492995619773864746e-01
7.686761021614074707e-01
9.186273813247680664e-01
6.224440336227416992e-01
6.723903417587280273e-01
7.440074086189270020e-01
9.643085598945617676e-01
7.051711082458496094e-01
6.996940374374389648e-01
7.225713729858398438e-01
9.740363359451293945e-01
5.814577341079711914e-01
7.355448007583618164e-01
7.074303030967712402e-01
9.577580094337463379e-01
5.967585444450378418e-01
6.923083662986755371e-01
6.799408793449401855e-01
9.672414064407348633e-01
6.242749094963073730e-01
7.455747127532958984e-01
7.156494855880737305e-01
9.721081852912902832e-01
7.786047458648681641e-01
7.415381669998168945e-01
9.409483671188354492e-01
5.769675970077514648e-01
6.985113620758056641e-01
6.776385307312011719e-01
9.669798612594604492e-01
5.872439742088317871e-01
7.151035666465759277e-01
7.522367238998413086e-01
9.660941362380981445e-01
7.015739083290100098e-01
7.243050932884216309e-01
7.056873440742492676e-01
9.722649455070495605e-01
6.026579141616821289e-01
7.097465991973876953e-01
6.615239977836608887e-01
9.838045835494995117e-01
