6.196283102035522461e-01
6.480008363723754883e-01
8.163706660270690918e-01
8.617526888847351074e-01
7.693474292755126953e-01
7.901926636695861816e-01
7.675259709358215332e-01
7.560218572616577148e-01
5.926003456115722656e-01
6.909773349761962891e-01
8.100271821022033691e-01
8.062683939933776855e-01
7.501030564308166504e-01
7.689899206161499023e-01
6.791787743568420410e-01
6.452208757400512695e-01
7.233228087425231934e-01
6.150147914886474609e-01
6.129342913627624512e-01
5.779036283493041992e-01
7.342457175254821777e-01
8.166443705558776855e-01
7.029094099998474121e-01
7.282894849777221680e-01
7.168210744857788086e-01
7.902192473411560059e-01
4.991818666458129883e-01
7.792281508445739746e-01
7.243155837059020996e-01
7.066298127174377441e-01
6.742072701454162598e-01
7.442374825477600098e-01
7.774906754493713379e-01
6.815913915634155273e-01
7.007384896278381348e-01
7.994949817657470703e-01
5.772339105606079102e-01
5.211257338523864746e-01
5.509003400802612305e-01
1.011989474296569824e+00
4.973495006561279297e-01
5.398770570755004883e-01
6.670210957527160645e-01
6.459928154945373535e-01
5.909020304679870605e-01
1.038424968719482422e+00
4.933307170867919922e-01
5.492380857467651367e-01
5.708857178688049316e-01
6.623627543449401855e-01
6.123425364494323730e-01
1.018845081329345703e+00
4.856840372085571289e-01
6.336242556571960449e-01
5.696468949317932129e-01
5.750424861907958984e-01
6.072253584861755371e-01
1.012158274650573730e+00
5.234748721122741699e-01
4.907482266426086426e-01
6.712489128112792969e-01
9.794952273368835449e-01
4.316630363464355469e-01
6.201395988464355469e-01
5.885432362556457520e-01
5.654765963554382324e-01
9.291744232177734375e-01
4.704948663711547852e-01
4.475177824497222900e-01
6.507987976074218750e-01
5.532206892967224121e-01
9.763365387916564941e-01
4.641420841217041016e-01
5.816913247108459473e-01
6.111842989921569824e-01
6.096271872520446777e-01
9.753308296203613281e-01
5.293980836868286133e-01
6.845642924308776855e-01
5.971126556396484375e-01
9.722245335578918457e-01
4.866940677165985107e-01
4.678612351417541504e-01
5.742263197898864746e-01
5.538271665573120117e-01
9.687637090682983398e-01
4.281800091266632080e-01
6.337367296218872070e-01
5.197123885154724121e-01
6.844285726547241211e-01
9.621227383613586426e-01
4.945299625396728516e-01
5.594980716705322266e-01
5.370755195617675781e-01
9.882898330688476562e-01
4.804129302501678467e-01
5.872226953506469727e-01
5.348982810974121094e-01
5.931661128997802734e-01
1.010822176933288574e+00
4.696639180183410645e-01
5.801575779914855957e-01
5.606445670127868652e-01
6.546053290367126465e-01
1.008309960365295410e+00
4.164812266826629639e-01
6.524730324745178223e-01
6.004694104194641113e-01
9.123302102088928223e-01
4.795187115669250488e-01
4.078829288482666016e-01
5.917390584945678711e-01
9.699880480766296387e-01
5.095027089118957520e-01
6.528213024139404297e-01
5.045836567878723145e-01
9.305682778358459473e-01
4.644989669322967529e-01
5.041895508766174316e-01
5.428840517997741699e-01
9.525712132453918457e-01
5.465275049209594727e-01
6.074644327163696289e-01
9.369528889656066895e-01
4.680638909339904785e-01
6.003894209861755371e-01
5.447795987129211426e-01
9.785249233245849609e-01
4.696692228317260742e-01
5.909303426742553711e-01
6.158077120780944824e-01
1.002271175384521484e+00
4.788174629211425781e-01
5.961030721664428711e-01
8.903126120567321777e-01
4.949528276920318604e-01
5.146311521530151367e-01
5.858971476554870605e-01
5.573188662528991699e-01
9.804050326347351074e-01
5.792191624641418457e-01
6.329585313796997070e-01
8.705628514289855957e-01
4.621868729591369629e-01
7.011540532112121582e-01
5.782717466354370117e-01
9.493777751922607422e-01
4.851703345775604248e-01
5.711697340011596680e-01
8.980026245117187500e-01
6.256113648414611816e-01
5.205331444740295410e-01
6.014233827590942383e-01
6.641600131988525391e-01
9.893995523452758789e-01
5.352514386177062988e-01
5.817900896072387695e-01
8.747386336326599121e-01
5.306751728057861328e-01
5.690242052078247070e-01
5.923033356666564941e-01
9.684675931930541992e-01
6.131449937820434570e-01
5.271984338760375977e-01
6.369142532348632812e-01
9.491940140724182129e-01
4.871165752410888672e-01
6.151135563850402832e-01
6.885104179382324219e-01
9.225313067436218262e-01
4.285227060317993164e-01
5.433956384658813477e-01
5.464974045753479004e-01
1.003050208091735840e+00
4.634555876255035400e-01
5.888181924819946289e-01
6.601985692977905273e-01
9.778649210929870605e-01
5.508739948272705078e-01
5.100443363189697266e-01
8.594150543212890625e-01
4.761522114276885986e-01
4.902361035346984863e-01
5.470423698425292969e-01
1.013247370719909668e+00
5.278928279876708984e-01
5.843740105628967285e-01
6.060048937797546387e-01
9.741300344467163086e-01
5.768619179725646973e-01
5.968031287193298340e-01
6.007615327835083008e-01
9.295319914817810059e-01
5.458307862281799316e-01
5.759294629096984863e-01
5.443610548973083496e-01
9.780948758125305176e-01
