4.998994469642639160e-01
5.057399868965148926e-01
7.660235762596130371e-01
8.138272762298583984e-01
7.770884037017822266e-01
7.486084699630737305e-01
7.571814060211181641e-01
6.200879216194152832e-01
4.485623538494110107e-01
7.733470201492309570e-01
7.697904706001281738e-01
6.767985820770263672e-01
7.559882402420043945e-01
6.839469075202941895e-01
7.308967113494873047e-01
7.181609272956848145e-01
5.881972908973693848e-01
6.932378411293029785e-01
5.125697255134582520e-01
4.555513858795166016e-01
7.649197578430175781e-01
8.207018375396728516e-01
7.880206108093261719e-01
7.234983444213867188e-01
7.391447424888610840e-01
6.960940957069396973e-01
4.249043464660644531e-01
7.562512159347534180e-01
7.680271863937377930e-01
6.617215871810913086e-01
7.237175703048706055e-01
6.594486236572265625e-01
7.531731128692626953e-01
7.424503564834594727e-01
7.387942075729370117e-01
7.205178141593933105e-01
6.599056124687194824e-01
6.602165102958679199e-01
7.758786678314208984e-01
9.594065546989440918e-01
6.088545322418212891e-01
5.906556248664855957e-01
7.295694947242736816e-01
8.163377046585083008e-01
6.715555787086486816e-01
9.631897211074829102e-01
5.229887366294860840e-01
6.257095336914062500e-01
7.077791690826416016e-01
8.157634139060974121e-01
6.411487460136413574e-01
9.586974382400512695e-01
5.101475715637207031e-01
6.574949026107788086e-01
7.626153230667114258e-01
6.872794628143310547e-01
8.263536691665649414e-01
9.440379738807678223e-01
6.864000558853149414e-01
6.596328020095825195e-01
8.877359628677368164e-01
9.383066296577453613e-01
5.164269804954528809e-01
8.514437675476074219e-01
7.705102562904357910e-01
6.323599815368652344e-01
9.245769381523132324e-01
6.350894570350646973e-01
5.812793374061584473e-01
8.499447703361511230e-01
7.523595094680786133e-01
9.401978254318237305e-01
5.441059470176696777e-01
7.030571699142456055e-01
8.053416609764099121e-01
7.425452470779418945e-01
9.397298693656921387e-01
5.519989728927612305e-01
9.003921151161193848e-01
6.755965352058410645e-01
9.433799386024475098e-01
6.121169328689575195e-01
5.597830414772033691e-01
8.734855651855468750e-01
6.250813603401184082e-01
9.462503194808959961e-01
6.094966530799865723e-01
8.475011587142944336e-01
6.690058112144470215e-01
7.757111787796020508e-01
9.368630647659301758e-01
6.816803216934204102e-01
8.778604269027709961e-01
7.490226626396179199e-01
9.295759201049804688e-01
5.329129099845886230e-01
8.027756214141845703e-01
6.337352395057678223e-01
8.074039220809936523e-01
9.517798423767089844e-01
5.653137564659118652e-01
7.657266259193420410e-01
7.254945039749145508e-01
8.814861178398132324e-01
9.456906914710998535e-01
6.106252074241638184e-01
8.833354711532592773e-01
7.843667864799499512e-01
9.310761094093322754e-01
6.623775959014892578e-01
6.368462443351745605e-01
9.215601682662963867e-01
9.291742444038391113e-01
6.379565596580505371e-01
9.154225587844848633e-01
7.006411552429199219e-01
9.378347396850585938e-01
6.252700090408325195e-01
8.531222939491271973e-01
6.175193190574645996e-01
9.409438967704772949e-01
6.940721273422241211e-01
9.217987060546875000e-01
9.090917110443115234e-01
6.184080839157104492e-01
9.043138623237609863e-01
7.174199223518371582e-01
9.401505589485168457e-01
5.663878321647644043e-01
7.575943470001220703e-01
8.356311321258544922e-01
9.335277080535888672e-01
7.550402283668518066e-01
8.564800024032592773e-01
9.105579257011413574e-01
7.648906111717224121e-01
7.019628286361694336e-01
8.249894976615905762e-01
7.576006054878234863e-01
9.497816562652587891e-01
6.603837013244628906e-01
9.329547882080078125e-01
9.100367426872253418e-01
5.989241600036621094e-01
8.558683395385742188e-01
7.877230048179626465e-01
9.287362098693847656e-01
6.619562506675720215e-01
9.481931328773498535e-01
9.211786985397338867e-01
6.804316639900207520e-01
6.526807546615600586e-01
6.593061089515686035e-01
7.835277915000915527e-01
9.573997259140014648e-01
7.020297646522521973e-01
8.965839147567749023e-01
9.025458097457885742e-01
6.650906205177307129e-01
7.698594927787780762e-01
8.797464370727539062e-01
9.315995573997497559e-01
8.089808225631713867e-01
7.889175415039062500e-01
7.878243923187255859e-01
9.253631234169006348e-01
6.014658212661743164e-01
8.502792119979858398e-01
8.250989913940429688e-01
9.263681173324584961e-01
6.215009093284606934e-01
7.993764877319335938e-01
7.734776139259338379e-01
9.526733756065368652e-01
6.420463323593139648e-01
8.486012816429138184e-01
8.093923330307006836e-01
9.277209043502807617e-01
8.718242645263671875e-01
8.301698565483093262e-01
9.031472206115722656e-01
6.116343736648559570e-01
8.048533797264099121e-01
7.652737498283386230e-01
9.367947578430175781e-01
6.333703994750976562e-01
8.042080402374267578e-01
8.725477457046508789e-01
9.254598021507263184e-01
7.944744229316711426e-01
8.381064534187316895e-01
7.807583808898925781e-01
9.331691265106201172e-01
6.334054470062255859e-01
7.821897268295288086e-01
7.595290541648864746e-01
9.554029107093811035e-01
