6.275355815887451172e-01
6.183871626853942871e-01
8.781505823135375977e-01
9.007844924926757812e-01
8.818888664245605469e-01
8.339580297470092773e-01
8.623065948486328125e-01
7.817922234535217285e-01
5.780396461486816406e-01
8.809571266174316406e-01
8.999415636062622070e-01
8.299726843833923340e-01
8.502811789512634277e-01
8.246744275093078613e-01
7.846152782440185547e-01
8.206620812416076660e-01
7.623561620712280273e-01
8.042262792587280273e-01
6.253489255905151367e-01
6.273009777069091797e-01
8.822819590568542480e-01
8.914549946784973145e-01
7.921752333641052246e-01
7.895016670227050781e-01
8.369199037551879883e-01
8.210812211036682129e-01
5.433697104454040527e-01
8.836603164672851562e-01
8.670038580894470215e-01
7.990045547485351562e-01
8.246333003044128418e-01
7.972661852836608887e-01
9.204518795013427734e-01
8.046140670776367188e-01
8.210258483886718750e-01
8.828861713409423828e-01
6.529094576835632324e-01
6.246445775032043457e-01
6.996945738792419434e-01
9.781409502029418945e-01
5.950736403465270996e-01
5.656378865242004395e-01
6.692381501197814941e-01
7.393146157264709473e-01
6.393651962280273438e-01
1.055307149887084961e+00
5.430046916007995605e-01
6.138870120048522949e-01
6.919065713882446289e-01
7.586766481399536133e-01
6.207107305526733398e-01
1.061907291412353516e+00
5.422666668891906738e-01
6.629673838615417480e-01
7.313668131828308105e-01
6.503568291664123535e-01
7.518440485000610352e-01
1.051181554794311523e+00
6.147404909133911133e-01
5.947149395942687988e-01
7.813785076141357422e-01
9.873892664909362793e-01
5.353239178657531738e-01
7.829521894454956055e-01
7.340934872627258301e-01
6.156168580055236816e-01
1.008017539978027344e+00
5.832329988479614258e-01
5.546563863754272461e-01
7.751282453536987305e-01
6.735424399375915527e-01
1.018961310386657715e+00
5.270985364913940430e-01
6.967411637306213379e-01
7.363787293434143066e-01
7.020629048347473145e-01
1.038030743598937988e+00
5.639801621437072754e-01
8.065612912178039551e-01
6.531237959861755371e-01
9.960788488388061523e-01
5.848060846328735352e-01
5.737411379814147949e-01
7.854948639869689941e-01
6.323736906051635742e-01
1.010365605354309082e+00
5.457352995872497559e-01
7.590482831001281738e-01
6.211831569671630859e-01
7.015767693519592285e-01
1.014932751655578613e+00
6.205060482025146484e-01
7.797588706016540527e-01
6.662281751632690430e-01
9.813836216926574707e-01
5.486838817596435547e-01
7.516301274299621582e-01
6.117914319038391113e-01
7.392634153366088867e-01
1.027107954025268555e+00
5.579657554626464844e-01
7.065721750259399414e-01
6.379781961441040039e-01
7.422661185264587402e-01
1.031023859977722168e+00
5.871951580047607422e-01
7.942635416984558105e-01
6.970154643058776855e-01
9.949783086776733398e-01
6.242253184318542480e-01
5.945625305175781250e-01
7.864349484443664551e-01
9.772327542304992676e-01
5.804810523986816406e-01
8.229053020477294922e-01
6.534644365310668945e-01
9.724693894386291504e-01
6.070945858955383301e-01
7.809786796569824219e-01
6.308650970458984375e-01
9.975153207778930664e-01
6.332590579986572266e-01
8.068819642066955566e-01
9.478344321250915527e-01
5.831490159034729004e-01
8.051599860191345215e-01
6.804326176643371582e-01
1.001728296279907227e+00
5.744633078575134277e-01
7.062781453132629395e-01
7.535724043846130371e-01
9.992483258247375488e-01
6.743322610855102539e-01
7.672065496444702148e-01
9.567413330078125000e-01
7.017849683761596680e-01
6.721407771110534668e-01
7.232815623283386230e-01
6.863601207733154297e-01
1.029635429382324219e+00
6.699321269989013672e-01
8.205165266990661621e-01
9.647891521453857422e-01
6.242887973785400391e-01
7.617046833038330078e-01
7.180432081222534180e-01
9.925086498260498047e-01
6.343738436698913574e-01
8.593057990074157715e-01
9.609514474868774414e-01
6.754831075668334961e-01
6.449224948883056641e-01
6.558163166046142578e-01
7.243766188621520996e-01
1.055293917655944824e+00
6.524380445480346680e-01
7.842149734497070312e-01
9.499040842056274414e-01
6.433422565460205078e-01
6.863915324211120605e-01
7.674012780189514160e-01
9.962017536163330078e-01
7.306205034255981445e-01
7.035308480262756348e-01
7.351235747337341309e-01
9.989824295043945312e-01
5.909730792045593262e-01
7.617121934890747070e-01
7.353549599647521973e-01
9.929603934288024902e-01
5.826942920684814453e-01
7.097063660621643066e-01
6.792149543762207031e-01
1.001855015754699707e+00
5.982285737991333008e-01
7.417917847633361816e-01
7.230853438377380371e-01
9.971144199371337891e-01
7.855579853057861328e-01
7.511171102523803711e-01
9.699781537055969238e-01
5.899503827095031738e-01
7.225342392921447754e-01
6.944849491119384766e-01
9.909147024154663086e-01
6.006404161453247070e-01
7.236317992210388184e-01
7.558892369270324707e-01
9.926401376724243164e-01
7.121915817260742188e-01
7.448804378509521484e-01
6.916623711585998535e-01
1.006262302398681641e+00
5.910331606864929199e-01
7.253702282905578613e-01
6.753601431846618652e-01
1.004629611968994141e+00
