4.547413587570190430e-01
5.283893346786499023e-01
7.152546048164367676e-01
8.469083309173583984e-01
8.165867924690246582e-01
7.683079242706298828e-01
7.416935563087463379e-01
5.726149082183837891e-01
4.677438437938690186e-01
8.063279390335083008e-01
7.546167373657226562e-01
6.227875947952270508e-01
7.412522435188293457e-01
5.685024261474609375e-01
7.731367945671081543e-01
7.013276815414428711e-01
6.102659702301025391e-01
6.366076469421386719e-01
4.821705818176269531e-01
4.667642712593078613e-01
8.513908982276916504e-01
8.563641309738159180e-01
7.468867301940917969e-01
7.625516653060913086e-01
6.881968975067138672e-01
5.611246824264526367e-01
4.823562204837799072e-01
7.457635998725891113e-01
8.072037696838378906e-01
4.954853355884552002e-01
6.681723594665527344e-01
6.244995594024658203e-01
7.641816139221191406e-01
6.605548262596130371e-01
6.439843177795410156e-01
5.990353226661682129e-01
4.922639727592468262e-01
4.176962077617645264e-01
6.145665645599365234e-01
9.453967213630676270e-01
5.374017357826232910e-01
4.871021211147308350e-01
6.270305514335632324e-01
6.281431317329406738e-01
4.820723235607147217e-01
9.057520627975463867e-01
4.499270021915435791e-01
4.963477253913879395e-01
5.065007209777832031e-01
7.807843685150146484e-01
6.862189173698425293e-01
9.061468839645385742e-01
5.053421854972839355e-01
4.823188483715057373e-01
6.253299117088317871e-01
4.961070716381072998e-01
7.305951714515686035e-01
9.127374291419982910e-01
5.614946484565734863e-01
6.026160120964050293e-01
7.834861278533935547e-01
9.441617131233215332e-01
5.142131447792053223e-01
9.131807684898376465e-01
8.278758525848388672e-01
5.755463838577270508e-01
9.255507588386535645e-01
5.505958795547485352e-01
5.719777345657348633e-01
8.429594039916992188e-01
7.874462008476257324e-01
9.203146696090698242e-01
5.174498558044433594e-01
7.220613360404968262e-01
8.442463278770446777e-01
7.292149066925048828e-01
9.312844872474670410e-01
5.073115229606628418e-01
9.306343197822570801e-01
6.595274209976196289e-01
9.490272402763366699e-01
5.365120172500610352e-01
5.549619793891906738e-01
7.511996030807495117e-01
5.289160609245300293e-01
9.218391180038452148e-01
5.053858160972595215e-01
8.842937350273132324e-01
6.493921279907226562e-01
7.686158418655395508e-01
9.272344708442687988e-01
4.997838735580444336e-01
8.867070674896240234e-01
7.624922990798950195e-01
9.449529051780700684e-01
5.057154893875122070e-01
8.693304657936096191e-01
6.372141242027282715e-01
7.801989912986755371e-01
9.270743131637573242e-01
4.994794428348541260e-01
7.534561157226562500e-01
6.241096258163452148e-01
7.858801484107971191e-01
9.269927144050598145e-01
4.884201586246490479e-01
9.268684983253479004e-01
7.349388599395751953e-01
9.530757069587707520e-01
5.023058056831359863e-01
5.017594099044799805e-01
8.950332999229431152e-01
9.444910287857055664e-01
5.550954937934875488e-01
9.497858285903930664e-01
6.391002535820007324e-01
9.475464820861816406e-01
5.693859457969665527e-01
8.016825914382934570e-01
7.460128664970397949e-01
9.537172317504882812e-01
5.583034157752990723e-01
8.164170384407043457e-01
9.688922166824340820e-01
5.532734394073486328e-01
9.435041546821594238e-01
7.959907054901123047e-01
9.453725218772888184e-01
5.538121461868286133e-01
7.896630167961120605e-01
8.016434311866760254e-01
9.444130063056945801e-01
5.706544518470764160e-01
7.862091660499572754e-01
9.754670858383178711e-01
7.193172574043273926e-01
7.059362530708312988e-01
8.448613286018371582e-01
7.065677046775817871e-01
9.242004156112670898e-01
5.937593579292297363e-01
9.273709058761596680e-01
9.666581749916076660e-01
5.470274686813354492e-01
7.943473458290100098e-01
6.881147623062133789e-01
9.490405917167663574e-01
6.166530251502990723e-01
9.465973973274230957e-01
9.722366333007812500e-01
5.534078478813171387e-01
6.403173804283142090e-01
5.878397226333618164e-01
7.350890636444091797e-01
9.218827486038208008e-01
6.064247488975524902e-01
8.080832362174987793e-01
9.779207110404968262e-01
6.062878370285034180e-01
7.930130958557128906e-01
8.660841584205627441e-01
9.448269605636596680e-01
8.469270467758178711e-01
8.576471209526062012e-01
8.403085470199584961e-01
9.442026019096374512e-01
5.211094617843627930e-01
8.214283585548400879e-01
8.102462887763977051e-01
9.548351764678955078e-01
5.125652551651000977e-01
6.126089692115783691e-01
5.698780417442321777e-01
9.447509646415710449e-01
5.307541489601135254e-01
8.117749094963073730e-01
7.336462736129760742e-01
9.475668072700500488e-01
8.837592005729675293e-01
8.582808971405029297e-01
9.706082344055175781e-01
5.298634767532348633e-01
7.201312780380249023e-01
5.394607782363891602e-01
9.526058435440063477e-01
5.452050566673278809e-01
8.320790529251098633e-01
8.880096673965454102e-01
9.535444378852844238e-01
8.026071786880493164e-01
8.317260146141052246e-01
7.862399816513061523e-01
9.458439350128173828e-01
4.686814844608306885e-01
6.890015006065368652e-01
6.126772761344909668e-01
9.415525794029235840e-01
