5.891436934471130371e-01
5.574467778205871582e-01
8.249747753143310547e-01
8.299617767333984375e-01
8.157604932785034180e-01
7.895712256431579590e-01
7.901304364204406738e-01
7.485936284065246582e-01
5.504741668701171875e-01
7.856883406639099121e-01
8.402589559555053711e-01
7.692159414291381836e-01
7.668845653533935547e-01
7.680158615112304688e-01
7.080316543579101562e-01
7.309808731079101562e-01
7.027477025985717773e-01
7.310295701026916504e-01
5.847129821777343750e-01
5.774256587028503418e-01
8.047430515289306641e-01
8.440972566604614258e-01
7.168071269989013672e-01
7.397446036338806152e-01
7.878609895706176758e-01
7.646313905715942383e-01
4.882593154907226562e-01
8.030145168304443359e-01
7.952807545661926270e-01
6.934690475463867188e-01
7.285440564155578613e-01
7.462262511253356934e-01
8.343957066535949707e-01
7.131911516189575195e-01
7.564432621002197266e-01
7.697009444236755371e-01
6.031390428543090820e-01
5.774343609809875488e-01
6.570660471916198730e-01
9.667406082153320312e-01
5.685288906097412109e-01
5.482488274574279785e-01
6.542838215827941895e-01
6.805288195610046387e-01
6.102055311203002930e-01
1.006051898002624512e+00
5.127540230751037598e-01
5.685574412345886230e-01
6.258746981620788574e-01
6.830840706825256348e-01
5.840823650360107422e-01
1.008385896682739258e+00
4.989664256572723389e-01
5.902246236801147461e-01
6.476352810859680176e-01
5.993183851242065430e-01
6.835038065910339355e-01
9.936909675598144531e-01
5.874107480049133301e-01
5.696833729743957520e-01
7.158980965614318848e-01
9.555955529212951660e-01
4.845556020736694336e-01
7.185949087142944336e-01
6.588779091835021973e-01
5.773533582687377930e-01
9.489845037460327148e-01
5.365789532661437988e-01
5.304612517356872559e-01
7.126064300537109375e-01
6.169523000717163086e-01
9.635911583900451660e-01
5.095032453536987305e-01
6.058151125907897949e-01
6.844136118888854980e-01
6.492753624916076660e-01
9.873297214508056641e-01
5.202984213829040527e-01
7.473245859146118164e-01
5.958002209663391113e-01
9.519901275634765625e-01
5.551450848579406738e-01
5.217010378837585449e-01
6.956858038902282715e-01
5.735454559326171875e-01
9.530299901962280273e-01
5.030090212821960449e-01
7.022798657417297363e-01
5.849336385726928711e-01
6.446866393089294434e-01
9.543370008468627930e-01
5.537780523300170898e-01
7.253541350364685059e-01
6.227602362632751465e-01
9.495902061462402344e-01
4.877161979675292969e-01
6.755017042160034180e-01
5.735107064247131348e-01
6.720086932182312012e-01
9.845212697982788086e-01
4.908609688282012939e-01
6.622802019119262695e-01
5.927876234054565430e-01
7.043105959892272949e-01
9.870185852050781250e-01
5.565643310546875000e-01
7.239258885383605957e-01
6.704786419868469238e-01
9.433321952819824219e-01
5.794371366500854492e-01
5.729750990867614746e-01
7.330204844474792480e-01
9.463500976562500000e-01
5.296014547348022461e-01
7.636807560920715332e-01
6.082696914672851562e-01
9.404394030570983887e-01
5.604578852653503418e-01
7.166690826416015625e-01
5.783556699752807617e-01
9.437931776046752930e-01
6.171754598617553711e-01
7.356950640678405762e-01
9.270835518836975098e-01
5.581265091896057129e-01
7.447481155395507812e-01
6.320285797119140625e-01
9.546478986740112305e-01
5.423583984375000000e-01
6.476648449897766113e-01
6.952190399169921875e-01
9.718544483184814453e-01
6.413399577140808105e-01
7.210229039192199707e-01
9.285327792167663574e-01
6.302417516708374023e-01
6.204271316528320312e-01
6.903917193412780762e-01
6.466963887214660645e-01
9.770416617393493652e-01
6.245453357696533203e-01
7.822966575622558594e-01
9.178155660629272461e-01
5.694497823715209961e-01
7.128446102142333984e-01
6.359618902206420898e-01
9.624397754669189453e-01
6.170786023139953613e-01
7.979635000228881836e-01
9.302529692649841309e-01
6.142129302024841309e-01
5.753518342971801758e-01
6.010455489158630371e-01
6.706684827804565430e-01
1.001477122306823730e+00
6.131236553192138672e-01
7.270508408546447754e-01
9.235503673553466797e-01
5.870946049690246582e-01
6.322649717330932617e-01
7.026602029800415039e-01
9.563634395599365234e-01
6.745409369468688965e-01
6.435688734054565430e-01
6.884689927101135254e-01
9.537361264228820801e-01
5.680199265480041504e-01
7.070740461349487305e-01
6.840746402740478516e-01
9.561508893966674805e-01
5.525568723678588867e-01
6.744920611381530762e-01
6.382415890693664551e-01
9.570073485374450684e-01
5.517818927764892578e-01
6.918402910232543945e-01
6.641535162925720215e-01
9.484995007514953613e-01
7.188034057617187500e-01
7.058354616165161133e-01
9.266406297683715820e-01
5.687717199325561523e-01
6.694589853286743164e-01
6.419731378555297852e-01
9.668331146240234375e-01
5.711660981178283691e-01
6.693106293678283691e-01
6.978125572204589844e-01
9.638046026229858398e-01
6.675551533699035645e-01
6.916157603263854980e-01
6.627134084701538086e-01
9.572541713714599609e-01
5.561741590499877930e-01
6.831606030464172363e-01
6.395091414451599121e-01
9.716544151306152344e-01
