6.146181821823120117e-01
5.895839333534240723e-01
8.342116475105285645e-01
8.498874902725219727e-01
8.323121070861816406e-01
8.071533441543579102e-01
8.158795833587646484e-01
7.470942139625549316e-01
5.620270967483520508e-01
8.084508776664733887e-01
8.406000733375549316e-01
8.071660995483398438e-01
7.814461588859558105e-01
7.821888327598571777e-01
7.339815497398376465e-01
7.295727729797363281e-01
7.033052444458007812e-01
7.466987967491149902e-01
6.094212532043457031e-01
5.959261655807495117e-01
8.288219571113586426e-01
8.474573493003845215e-01
7.277218699455261230e-01
7.742416262626647949e-01
8.078417181968688965e-01
7.659517526626586914e-01
4.982021749019622803e-01
8.332461714744567871e-01
8.014031052589416504e-01
7.190738320350646973e-01
7.633247375488281250e-01
7.511396408081054688e-01
8.601830005645751953e-01
7.267937064170837402e-01
7.753918766975402832e-01
8.096297383308410645e-01
6.110003590583801270e-01
5.744823217391967773e-01
6.677432060241699219e-01
9.803342223167419434e-01
5.616762638092041016e-01
5.429304242134094238e-01
6.494222879409790039e-01
6.802518963813781738e-01
6.247936487197875977e-01
1.025380253791809082e+00
5.223332643508911133e-01
5.750787258148193359e-01
6.449327468872070312e-01
7.143703103065490723e-01
5.890500545501708984e-01
1.031709551811218262e+00
5.113019943237304688e-01
6.138446331024169922e-01
6.558897495269775391e-01
6.026290655136108398e-01
6.930426955223083496e-01
1.019504308700561523e+00
5.990478992462158203e-01
5.749103426933288574e-01
7.276423573493957520e-01
9.674433469772338867e-01
4.782407581806182861e-01
7.333886027336120605e-01
6.644747853279113770e-01
5.603132247924804688e-01
9.769931435585021973e-01
5.693106651306152344e-01
5.636529326438903809e-01
7.109484076499938965e-01
6.459717750549316406e-01
9.782035350799560547e-01
5.041273236274719238e-01
6.477786898612976074e-01
6.885383129119873047e-01
6.600304841995239258e-01
1.018099308013916016e+00
5.531181097030639648e-01
7.701609730720520020e-01
6.154584884643554688e-01
9.741298556327819824e-01
5.624440908432006836e-01
5.282700657844543457e-01
7.136684060096740723e-01
5.834752321243286133e-01
9.816122055053710938e-01
5.301913619041442871e-01
7.159666419029235840e-01
6.132289171218872070e-01
6.540227532386779785e-01
9.800710082054138184e-01
6.057669520378112793e-01
7.308696508407592773e-01
6.343500614166259766e-01
9.670493602752685547e-01
5.166187882423400879e-01
7.022207379341125488e-01
6.123595237731933594e-01
6.838905811309814453e-01
9.983676671981811523e-01
5.175908207893371582e-01
6.431995630264282227e-01
6.048895120620727539e-01
7.136897444725036621e-01
1.013660550117492676e+00
5.797754526138305664e-01
7.324357628822326660e-01
6.618791222572326660e-01
9.693207740783691406e-01
5.832908749580383301e-01
5.633757114410400391e-01
7.358961105346679688e-01
9.671232700347900391e-01
5.403352975845336914e-01
7.667278647422790527e-01
6.215763092041015625e-01
9.577853679656982422e-01
5.674309134483337402e-01
7.231317162513732910e-01
5.769160389900207520e-01
9.639580845832824707e-01
6.260282993316650391e-01
7.439066767692565918e-01
9.436534047126770020e-01
5.607600212097167969e-01
7.583279609680175781e-01
6.454102396965026855e-01
9.768925905227661133e-01
5.552185773849487305e-01
6.605320572853088379e-01
7.259351611137390137e-01
9.847295284271240234e-01
6.513329148292541504e-01
7.341937422752380371e-01
9.483845829963684082e-01
6.547964215278625488e-01
6.278315782546997070e-01
6.841062903404235840e-01
6.524648666381835938e-01
1.009214878082275391e+00
6.178483366966247559e-01
7.855342030525207520e-01
9.448916912078857422e-01
5.731728076934814453e-01
7.216998338699340820e-01
6.670824289321899414e-01
9.772044420242309570e-01
6.277981400489807129e-01
8.134218454360961914e-01
9.420951604843139648e-01
6.263173818588256836e-01
5.959004163742065430e-01
6.020774245262145996e-01
6.728947758674621582e-01
1.024984598159790039e+00
6.119263768196105957e-01
7.439398169517517090e-01
9.314903616905212402e-01
5.860904455184936523e-01
6.408767104148864746e-01
7.202083468437194824e-01
9.847728610038757324e-01
6.945596337318420410e-01
6.776740550994873047e-01
7.112538218498229980e-01
9.816641807556152344e-01
5.484990477561950684e-01
7.189688682556152344e-01
6.910139322280883789e-01
9.672386646270751953e-01
5.586191415786743164e-01
6.775295734405517578e-01
6.552040576934814453e-01
9.854791164398193359e-01
5.817211270332336426e-01
7.254396080970764160e-01
6.719124913215637207e-01
9.755517244338989258e-01
7.551515698432922363e-01
7.072329521179199219e-01
9.485765099525451660e-01
5.675420165061950684e-01
6.771454811096191406e-01
6.500872969627380371e-01
9.801614880561828613e-01
5.755358338356018066e-01
6.976433992385864258e-01
7.176052331924438477e-01
9.816121459007263184e-01
6.732359528541564941e-01
7.057744860649108887e-01
6.621502041816711426e-01
9.895002841949462891e-01
5.401824116706848145e-01
6.855579018592834473e-01
6.553179025650024414e-01
9.947265386581420898e-01
