5.906568765640258789e-01
5.928851962089538574e-01
8.189024329185485840e-01
8.233067393302917480e-01
8.193706274032592773e-01
7.808150649070739746e-01
8.002166152000427246e-01
7.334572076797485352e-01
5.506991147994995117e-01
7.825021743774414062e-01
8.408210873603820801e-01
7.729778885841369629e-01
7.582864165306091309e-01
7.661201357841491699e-01
6.932120919227600098e-01
7.194351553916931152e-01
7.058339715003967285e-01
7.297018766403198242e-01
6.066542863845825195e-01
5.749297142028808594e-01
8.065350055694580078e-01
8.299458026885986328e-01
7.160665988922119141e-01
7.322584986686706543e-01
7.823551297187805176e-01
7.444732189178466797e-01
4.865612089633941650e-01
7.980452179908752441e-01
7.778467535972595215e-01
7.097372412681579590e-01
7.274225950241088867e-01
7.320247292518615723e-01
8.524333238601684570e-01
6.992631554603576660e-01
7.458936572074890137e-01
7.664557099342346191e-01
5.954843163490295410e-01
5.551790595054626465e-01
6.521297693252563477e-01
9.445089101791381836e-01
5.428119897842407227e-01
5.272591710090637207e-01
6.302019953727722168e-01
6.893876791000366211e-01
5.943424105644226074e-01
1.000035285949707031e+00
4.811785221099853516e-01
5.467224121093750000e-01
6.053085923194885254e-01
6.760139465332031250e-01
5.572968125343322754e-01
1.009446024894714355e+00
5.090527534484863281e-01
5.762343406677246094e-01
6.395109295845031738e-01
5.914607644081115723e-01
6.773960590362548828e-01
9.909597039222717285e-01
5.564579367637634277e-01
5.627751350402832031e-01
7.244102954864501953e-01
9.392358064651489258e-01
4.894773960113525391e-01
7.097514271736145020e-01
6.675004959106445312e-01
5.563400387763977051e-01
9.530478119850158691e-01
5.269663333892822266e-01
5.226358175277709961e-01
6.892251372337341309e-01
6.211622953414916992e-01
9.579238891601562500e-01
5.304906964302062988e-01
6.205749511718750000e-01
6.694482564926147461e-01
6.499439477920532227e-01
9.784501791000366211e-01
5.071200132369995117e-01
7.323029637336730957e-01
5.945538282394409180e-01
9.450126886367797852e-01
5.528401136398315430e-01
5.047585964202880859e-01
7.168095111846923828e-01
5.700024366378784180e-01
9.578124880790710449e-01
5.234978199005126953e-01
7.056287527084350586e-01
5.765272974967956543e-01
6.259952783584594727e-01
9.576040506362915039e-01
5.642853379249572754e-01
6.994518637657165527e-01
6.179608106613159180e-01
9.362358450889587402e-01
5.042428970336914062e-01
6.762557625770568848e-01
5.834695696830749512e-01
6.558089256286621094e-01
9.604080915451049805e-01
5.005176067352294922e-01
6.441162824630737305e-01
6.084617376327514648e-01
6.917041540145874023e-01
9.656343460083007812e-01
5.723116993904113770e-01
7.353935241699218750e-01
6.565891504287719727e-01
9.445468187332153320e-01
5.828866362571716309e-01
5.660549402236938477e-01
7.172560691833496094e-01
9.463119506835937500e-01
5.312605500221252441e-01
7.558214664459228516e-01
5.958122014999389648e-01
9.280222058296203613e-01
5.618778467178344727e-01
7.253599166870117188e-01
5.810130238533020020e-01
9.544905424118041992e-01
6.205847859382629395e-01
7.390947341918945312e-01
9.147080779075622559e-01
5.655561685562133789e-01
7.514860630035400391e-01
6.389271020889282227e-01
9.512152075767517090e-01
5.338965058326721191e-01
6.423368453979492188e-01
6.929010152816772461e-01
9.571822285652160645e-01
6.351852416992187500e-01
7.137014865875244141e-01
9.223412275314331055e-01
6.353709101676940918e-01
6.174079179763793945e-01
6.819084286689758301e-01
6.335622072219848633e-01
9.678400158882141113e-01
6.303696036338806152e-01
7.605456709861755371e-01
9.245219826698303223e-01
5.517978668212890625e-01
6.987879276275634766e-01
6.525216698646545410e-01
9.484509825706481934e-01
5.867712497711181641e-01
7.798906564712524414e-01
9.291669130325317383e-01
6.330426335334777832e-01
5.839850306510925293e-01
5.974351763725280762e-01
6.494219303131103516e-01
9.854273796081542969e-01
6.270787715911865234e-01
7.199859619140625000e-01
9.181089997291564941e-01
5.838394165039062500e-01
6.247064471244812012e-01
7.163961529731750488e-01
9.523349404335021973e-01
6.520534753799438477e-01
6.535899043083190918e-01
6.839351058006286621e-01
9.527813792228698730e-01
5.546420812606811523e-01
7.048370838165283203e-01
6.865215301513671875e-01
9.446169137954711914e-01
5.553984642028808594e-01
6.478612422943115234e-01
6.316046714782714844e-01
9.488721489906311035e-01
5.608659386634826660e-01
6.956570744514465332e-01
6.693404316902160645e-01
9.460449814796447754e-01
7.411138415336608887e-01
7.134972810745239258e-01
9.273770451545715332e-01
5.492608547210693359e-01
6.582747697830200195e-01
6.469973921775817871e-01
9.531241059303283691e-01
5.532848834991455078e-01
6.589897274971008301e-01
7.100734114646911621e-01
9.414929151535034180e-01
6.551156044006347656e-01
6.875199675559997559e-01
6.540037989616394043e-01
9.503220915794372559e-01
5.716014504432678223e-01
6.588534712791442871e-01
6.244882941246032715e-01
9.635336399078369141e-01
