5.926003456115722656e-01
5.432473421096801758e-01
8.008167743682861328e-01
7.770582437515258789e-01
7.806443572044372559e-01
7.554908394813537598e-01
7.626734972000122070e-01
7.112008929252624512e-01
5.617505311965942383e-01
7.250279188156127930e-01
7.748473286628723145e-01
7.428305149078369141e-01
7.122014760971069336e-01
7.404664754867553711e-01
6.529465317726135254e-01
6.851857304573059082e-01
6.730409264564514160e-01
7.042037248611450195e-01
5.850498080253601074e-01
5.578643083572387695e-01
7.639964222908020020e-01
7.784324288368225098e-01
6.703591942787170410e-01
7.119523882865905762e-01
7.664759755134582520e-01
7.337995767593383789e-01
4.548787474632263184e-01
7.491591572761535645e-01
7.426437735557556152e-01
6.539167761802673340e-01
6.792448759078979492e-01
6.923984289169311523e-01
7.838981151580810547e-01
6.547517776489257812e-01
6.947784423828125000e-01
7.626852393150329590e-01
5.896685123443603516e-01
5.712143778800964355e-01
6.571301817893981934e-01
9.234965443611145020e-01
5.479702353477478027e-01
4.815240800380706787e-01
6.173090338706970215e-01
6.669017076492309570e-01
5.997425913810729980e-01
9.695439338684082031e-01
4.892591238021850586e-01
5.424430966377258301e-01
6.195061802864074707e-01
6.672862768173217773e-01
5.582751035690307617e-01
9.542587399482727051e-01
4.887314438819885254e-01
5.735639333724975586e-01
6.257986426353454590e-01
5.839337110519409180e-01
6.601763367652893066e-01
9.624649882316589355e-01
5.724292397499084473e-01
5.457280278205871582e-01
7.051829099655151367e-01
9.272765517234802246e-01
4.577214419841766357e-01
6.916597485542297363e-01
6.434836983680725098e-01
5.594789981842041016e-01
9.110004305839538574e-01
5.314688682556152344e-01
4.970878958702087402e-01
6.641522645950317383e-01
6.179912090301513672e-01
9.207015633583068848e-01
4.886622726917266846e-01
6.053126454353332520e-01
6.477208137512207031e-01
6.423247456550598145e-01
9.428877830505371094e-01
5.268268585205078125e-01
7.332960963249206543e-01
6.050328016281127930e-01
9.008342027664184570e-01
5.410686731338500977e-01
4.977926909923553467e-01
6.793109178543090820e-01
5.399175882339477539e-01
9.226779341697692871e-01
5.129007697105407715e-01
6.803416013717651367e-01
5.789918899536132812e-01
6.186733841896057129e-01
9.215496778488159180e-01
5.581074953079223633e-01
6.857035160064697266e-01
6.160926818847656250e-01
9.207905530929565430e-01
4.738432765007019043e-01
6.717562675476074219e-01
5.553311109542846680e-01
6.431347131729125977e-01
9.387096166610717773e-01
5.035158395767211914e-01
6.372887492179870605e-01
5.860426425933837891e-01
6.840648651123046875e-01
9.505991339683532715e-01
5.399243235588073730e-01
6.944864988327026367e-01
6.410574913024902344e-01
9.073747396469116211e-01
5.771462917327880859e-01
5.476721525192260742e-01
7.092635631561279297e-01
9.245061874389648438e-01
5.175578594207763672e-01
7.495543956756591797e-01
5.943946838378906250e-01
8.859236240386962891e-01
5.451037287712097168e-01
6.871416568756103516e-01
5.623950362205505371e-01
9.081827998161315918e-01
5.981190204620361328e-01
7.297036647796630859e-01
9.086020588874816895e-01
5.303561687469482422e-01
7.263110876083374023e-01
6.049845218658447266e-01
9.034687876701354980e-01
5.318642258644104004e-01
6.411970257759094238e-01
6.601244211196899414e-01
9.342791438102722168e-01
6.203935146331787109e-01
6.995497941970825195e-01
9.028735160827636719e-01
6.314314007759094238e-01
5.831662416458129883e-01
6.525575518608093262e-01
6.149702072143554688e-01
9.419431686401367188e-01
6.033133864402770996e-01
7.546537518501281738e-01
8.896882534027099609e-01
5.406297445297241211e-01
7.005943059921264648e-01
6.354355216026306152e-01
9.304197430610656738e-01
5.974614024162292480e-01
7.730076909065246582e-01
8.872115015983581543e-01
5.946564674377441406e-01
5.830931663513183594e-01
5.741116404533386230e-01
6.379640698432922363e-01
9.527056813240051270e-01
6.059381365776062012e-01
7.133774757385253906e-01
9.033458828926086426e-01
5.805222392082214355e-01
6.095693707466125488e-01
6.949790120124816895e-01
9.242696762084960938e-01
6.590336561203002930e-01
6.265233159065246582e-01
6.480884552001953125e-01
9.234318137168884277e-01
5.528292059898376465e-01
6.836543679237365723e-01
6.632741093635559082e-01
9.268049001693725586e-01
5.511450171470642090e-01
6.382461190223693848e-01
6.431205272674560547e-01
9.347869157791137695e-01
5.536494255065917969e-01
6.789848208427429199e-01
6.435872316360473633e-01
9.318975806236267090e-01
7.098283171653747559e-01
7.062872648239135742e-01
9.186027050018310547e-01
5.582689642906188965e-01
6.399464607238769531e-01
6.266947388648986816e-01
9.315164685249328613e-01
5.574795007705688477e-01
6.623988151550292969e-01
7.032977342605590820e-01
9.379710555076599121e-01
6.545403003692626953e-01
6.639032959938049316e-01
6.503227949142456055e-01
9.345372319221496582e-01
5.254421234130859375e-01
6.464096307754516602e-01
6.221380829811096191e-01
9.384249448776245117e-01
