6.195743083953857422e-01
6.037645936012268066e-01
8.146033883094787598e-01
9.189117550849914551e-01
8.298567533493041992e-01
8.248688578605651855e-01
8.617246150970458984e-01
6.958008408546447754e-01
5.201694369316101074e-01
7.363657355308532715e-01
8.773458003997802734e-01
7.479557394981384277e-01
7.876166701316833496e-01
7.534181475639343262e-01
7.024003267288208008e-01
7.191504836082458496e-01
6.663438677787780762e-01
6.627468466758728027e-01
5.885196328163146973e-01
5.809482336044311523e-01
8.233925104141235352e-01
8.884932398796081543e-01
7.409645915031433105e-01
7.711148858070373535e-01
7.351003289222717285e-01
7.352168560028076172e-01
4.809981584548950195e-01
7.305368185043334961e-01
7.858210802078247070e-01
6.339752078056335449e-01
7.212243080139160156e-01
7.279542684555053711e-01
8.952436447143554688e-01
7.190142869949340820e-01
7.721846103668212891e-01
7.637397646903991699e-01
6.192334294319152832e-01
5.683888196945190430e-01
6.315925121307373047e-01
9.206998944282531738e-01
5.566085577011108398e-01
5.599468350410461426e-01
7.028580904006958008e-01
6.726850271224975586e-01
6.355305910110473633e-01
9.541614651679992676e-01
5.389062762260437012e-01
6.019254922866821289e-01
5.964738130569458008e-01
7.537235617637634277e-01
5.724034905433654785e-01
9.510392546653747559e-01
5.625588893890380859e-01
6.544737219810485840e-01
6.238970160484313965e-01
6.188874840736389160e-01
7.367488145828247070e-01
9.534941911697387695e-01
5.995581150054931641e-01
5.744807124137878418e-01
6.979633569717407227e-01
9.221718311309814453e-01
5.126904249191284180e-01
7.489388585090637207e-01
6.691331267356872559e-01
5.775281190872192383e-01
9.005486965179443359e-01
5.495051145553588867e-01
5.066999793052673340e-01
7.376742959022521973e-01
5.896552205085754395e-01
9.136554598808288574e-01
5.096533894538879395e-01
6.424365043640136719e-01
6.593022942543029785e-01
6.603903770446777344e-01
9.290930032730102539e-01
5.300256013870239258e-01
7.770354747772216797e-01
6.403322219848632812e-01
9.028303027153015137e-01
5.256549119949340820e-01
4.859362244606018066e-01
6.631021499633789062e-01
5.672485232353210449e-01
9.128732085227966309e-01
4.918584227561950684e-01
6.594966053962707520e-01
5.429850220680236816e-01
7.379054427146911621e-01
9.189083576202392578e-01
5.734567046165466309e-01
6.718612909317016602e-01
5.940998196601867676e-01
9.128198623657226562e-01
4.912471771240234375e-01
6.911910772323608398e-01
5.802170038223266602e-01
6.344023942947387695e-01
9.305371642112731934e-01
4.959354996681213379e-01
6.091013550758361816e-01
6.117321252822875977e-01
6.731383204460144043e-01
9.499284625053405762e-01
5.399090647697448730e-01
7.595029473304748535e-01
6.435439586639404297e-01
9.052713513374328613e-01
5.532053709030151367e-01
4.310933351516723633e-01
6.840760111808776855e-01
9.180728197097778320e-01
5.120409727096557617e-01
7.702687382698059082e-01
5.933103561401367188e-01
8.909136056900024414e-01
5.150558352470397949e-01
6.093115210533142090e-01
6.162504553794860840e-01
9.067929387092590332e-01
5.714076161384582520e-01
6.186755895614624023e-01
9.002954363822937012e-01
5.306624174118041992e-01
7.174116969108581543e-01
6.625333428382873535e-01
8.985363245010375977e-01
4.995114505290985107e-01
6.649658679962158203e-01
7.036318182945251465e-01
9.300596117973327637e-01
5.755038857460021973e-01
6.640557646751403809e-01
8.989816308021545410e-01
5.516313910484313965e-01
6.378870606422424316e-01
6.760598421096801758e-01
6.483463048934936523e-01
9.258991479873657227e-01
6.281261444091796875e-01
7.771254181861877441e-01
8.932523131370544434e-01
5.103561878204345703e-01
7.337985634803771973e-01
6.617358922958374023e-01
9.252045154571533203e-01
5.430039763450622559e-01
7.448576688766479492e-01
8.928392529487609863e-01
6.930953860282897949e-01
5.715954899787902832e-01
6.251178979873657227e-01
7.310188412666320801e-01
9.443901777267456055e-01
5.862798094749450684e-01
7.042129039764404297e-01
9.001149535179138184e-01
5.782274007797241211e-01
6.192766427993774414e-01
6.750692725181579590e-01
9.249313473701477051e-01
6.921809315681457520e-01
6.360732316970825195e-01
7.559318542480468750e-01
9.222710132598876953e-01
6.213324666023254395e-01
6.876299381256103516e-01
7.166916728019714355e-01
9.151353240013122559e-01
4.715689122676849365e-01
6.155786514282226562e-01
5.454834699630737305e-01
9.309136867523193359e-01
5.281482934951782227e-01
6.643895506858825684e-01
7.425068020820617676e-01
9.125187993049621582e-01
6.730580925941467285e-01
6.523425579071044922e-01
8.951966762542724609e-01
4.727748334407806396e-01
5.628910660743713379e-01
6.280604004859924316e-01
9.366863965988159180e-01
5.489500164985656738e-01
6.404650807380676270e-01
6.424747705459594727e-01
9.207079410552978516e-01
6.451687216758728027e-01
7.271060347557067871e-01
6.740612387657165527e-01
9.153963923454284668e-01
5.721085071563720703e-01
6.524174213409423828e-01
6.089793443679809570e-01
9.361005425453186035e-01
