6.770200133323669434e-01
6.959196329116821289e-01
8.687124848365783691e-01
9.705488681793212891e-01
8.730173707008361816e-01
8.541681170463562012e-01
8.708051443099975586e-01
7.982528805732727051e-01
6.114084720611572266e-01
7.654865384101867676e-01
8.915343284606933594e-01
8.565100431442260742e-01
8.553205728530883789e-01
8.139565587043762207e-01
7.449805736541748047e-01
7.075659036636352539e-01
7.362885475158691406e-01
6.929719448089599609e-01
6.739117503166198730e-01
6.121680140495300293e-01
8.096376061439514160e-01
9.183440804481506348e-01
7.839599251747131348e-01
8.319373726844787598e-01
7.952153086662292480e-01
8.488854169845581055e-01
5.246958136558532715e-01
8.080172538757324219e-01
8.164263963699340820e-01
7.560080289840698242e-01
7.288107872009277344e-01
7.820331454277038574e-01
9.187552928924560547e-01
7.499684691429138184e-01
7.999184727668762207e-01
8.424661755561828613e-01
6.536591649055480957e-01
6.159577965736389160e-01
6.739324331283569336e-01
9.437305927276611328e-01
5.673640966415405273e-01
6.251305341720581055e-01
7.757973074913024902e-01
7.093496322631835938e-01
6.987481117248535156e-01
9.763214588165283203e-01
5.626001358032226562e-01
6.011623740196228027e-01
6.465516090393066406e-01
7.373399138450622559e-01
6.676533222198486328e-01
9.396253824234008789e-01
5.751029849052429199e-01
7.380138039588928223e-01
6.428247690200805664e-01
6.325738430023193359e-01
6.822756528854370117e-01
9.617233872413635254e-01
5.962499380111694336e-01
5.276874899864196777e-01
7.303506135940551758e-01
9.219521880149841309e-01
5.147688388824462891e-01
7.440204024314880371e-01
6.910905241966247559e-01
6.634302735328674316e-01
8.937990069389343262e-01
5.356612205505371094e-01
5.083199739456176758e-01
7.586863636970520020e-01
5.883314013481140137e-01
9.151201248168945312e-01
5.027791261672973633e-01
6.712594032287597656e-01
6.618844866752624512e-01
6.999080777168273926e-01
9.304876327514648438e-01
5.910899043083190918e-01
7.799643278121948242e-01
7.064454555511474609e-01
9.161686897277832031e-01
5.727849006652832031e-01
5.042428970336914062e-01
7.029467225074768066e-01
6.612277030944824219e-01
9.034345149993896484e-01
4.747959077358245850e-01
7.136525511741638184e-01
5.711053609848022461e-01
7.797904610633850098e-01
9.073575139045715332e-01
5.596694946289062500e-01
6.406249403953552246e-01
6.492396593093872070e-01
9.072703719139099121e-01
5.614721775054931641e-01
6.775761842727661133e-01
6.072112321853637695e-01
6.763631105422973633e-01
9.242306947708129883e-01
5.239627957344055176e-01
6.878914237022399902e-01
6.832770705223083496e-01
7.067898511886596680e-01
9.491779208183288574e-01
5.506896376609802246e-01
7.619414329528808594e-01
7.324075102806091309e-01
9.050421118736267090e-01
5.730133056640625000e-01
4.340495765209197998e-01
6.709039807319641113e-01
9.117875099182128906e-01
5.649608969688415527e-01
7.393627166748046875e-01
5.686442852020263672e-01
8.998132944107055664e-01
5.115143060684204102e-01
6.200932264328002930e-01
6.316301226615905762e-01
9.019068479537963867e-01
5.839749574661254883e-01
6.460258960723876953e-01
9.069809913635253906e-01
5.305103659629821777e-01
7.187048792839050293e-01
6.150270104408264160e-01
9.017318487167358398e-01
5.398783683776855469e-01
6.767645478248596191e-01
7.019481062889099121e-01
9.136256575584411621e-01
5.389937162399291992e-01
6.799623966217041016e-01
9.101288914680480957e-01
5.493670105934143066e-01
5.943200588226318359e-01
6.817980408668518066e-01
6.690862178802490234e-01
9.216740727424621582e-01
5.917366147041320801e-01
7.504135370254516602e-01
8.941913247108459473e-01
5.236917734146118164e-01
8.239718675613403320e-01
7.540516257286071777e-01
9.262908101081848145e-01
5.269306898117065430e-01
7.328563928604125977e-01
8.896013498306274414e-01
7.916586995124816895e-01
6.009389162063598633e-01
7.326759696006774902e-01
7.807813882827758789e-01
9.329553246498107910e-01
6.033906340599060059e-01
7.180818915367126465e-01
9.025652408599853516e-01
5.936904549598693848e-01
6.476279497146606445e-01
6.724147796630859375e-01
9.280400872230529785e-01
6.928759217262268066e-01
6.632470488548278809e-01
7.822608351707458496e-01
9.129416346549987793e-01
6.245375871658325195e-01
7.480495572090148926e-01
8.076525926589965820e-01
9.142016172409057617e-01
4.859347045421600342e-01
6.763570904731750488e-01
6.004391312599182129e-01
9.414362907409667969e-01
5.296236872673034668e-01
6.264402866363525391e-01
7.674658894538879395e-01
9.196997880935668945e-01
6.781949996948242188e-01
6.665745973587036133e-01
9.033896923065185547e-01
5.257421731948852539e-01
5.257583260536193848e-01
6.242808103561401367e-01
9.489030838012695312e-01
5.946832895278930664e-01
7.077108025550842285e-01
6.897363066673278809e-01
9.152393937110900879e-01
6.979787945747375488e-01
7.384688854217529297e-01
7.061705589294433594e-01
9.098751544952392578e-01
6.068719625473022461e-01
6.669307351112365723e-01
6.547468900680541992e-01
9.450601935386657715e-01
