5.050799250602722168e-01
4.650343954563140869e-01
7.636947035789489746e-01
8.146984577178955078e-01
7.756828069686889648e-01
7.667813301086425781e-01
7.448409199714660645e-01
5.990204215049743652e-01
4.368048310279846191e-01
7.668272852897644043e-01
7.557247877120971680e-01
6.801640391349792480e-01
7.425766587257385254e-01
6.504283547401428223e-01
7.303664684295654297e-01
7.020805478096008301e-01
5.225520133972167969e-01
6.093466877937316895e-01
4.697533547878265381e-01
4.369798600673675537e-01
7.827695608139038086e-01
8.049680590629577637e-01
7.776529192924499512e-01
7.299495935440063477e-01
7.103203535079956055e-01
6.888622045516967773e-01
3.785908222198486328e-01
7.285209894180297852e-01
7.504190206527709961e-01
6.069475412368774414e-01
7.105291485786437988e-01
6.119995117187500000e-01
7.665656805038452148e-01
7.051878571510314941e-01
7.341910600662231445e-01
7.083395719528198242e-01
6.528335213661193848e-01
6.861090660095214844e-01
7.750249505043029785e-01
9.981201291084289551e-01
5.561297535896301270e-01
5.584887266159057617e-01
7.325460910797119141e-01
8.314838409423828125e-01
6.916970610618591309e-01
9.839592576026916504e-01
4.733928442001342773e-01
5.759219527244567871e-01
7.346377372741699219e-01
8.502296209335327148e-01
6.861932873725891113e-01
9.377853274345397949e-01
5.191343426704406738e-01
6.478700637817382812e-01
7.792482972145080566e-01
6.743378043174743652e-01
8.631273508071899414e-01
9.499284029006958008e-01
6.641821265220642090e-01
6.585845351219177246e-01
9.205082654953002930e-01
9.329912662506103516e-01
5.232322812080383301e-01
9.045884013175964355e-01
8.127374053001403809e-01
6.612472534179687500e-01
9.001452922821044922e-01
6.066212654113769531e-01
6.312351226806640625e-01
8.767172694206237793e-01
7.777509689331054688e-01
9.299975633621215820e-01
5.494881272315979004e-01
7.557059526443481445e-01
8.337484598159790039e-01
7.875062823295593262e-01
9.168178439140319824e-01
5.386574864387512207e-01
9.339088797569274902e-01
6.647807955741882324e-01
9.287194609642028809e-01
6.181479096412658691e-01
5.765087604522705078e-01
8.876029253005981445e-01
6.224809885025024414e-01
9.329807758331298828e-01
5.666407942771911621e-01
9.080055952072143555e-01
6.792013645172119141e-01
8.311783075332641602e-01
9.242364168167114258e-01
6.768977642059326172e-01
9.118258953094482422e-01
7.643246054649353027e-01
9.364159703254699707e-01
5.154331922531127930e-01
8.373407125473022461e-01
6.509349942207336426e-01
7.998259663581848145e-01
9.130638837814331055e-01
5.587356686592102051e-01
8.241698741912841797e-01
7.010715007781982422e-01
8.958292603492736816e-01
9.515776038169860840e-01
6.226777434349060059e-01
9.248183965682983398e-01
8.042590618133544922e-01
9.233551621437072754e-01
6.688941717147827148e-01
6.636103987693786621e-01
9.370800852775573730e-01
9.451201558113098145e-01
6.208731532096862793e-01
9.665724635124206543e-01
7.210270762443542480e-01
9.328320622444152832e-01
6.578652262687683105e-01
8.813784122467041016e-01
6.023145914077758789e-01
9.205189347267150879e-01
6.414546370506286621e-01
9.092692732810974121e-01
8.975878953933715820e-01
5.974645018577575684e-01
9.433225393295288086e-01
7.600725293159484863e-01
9.268234372138977051e-01
5.530729889869689941e-01
7.371662259101867676e-01
8.241142034530639648e-01
9.049555063247680664e-01
7.621690034866333008e-01
9.076907634735107422e-01
9.681499004364013672e-01
7.787064313888549805e-01
7.198544144630432129e-01
8.513389229774475098e-01
7.696244120597839355e-01
9.228361248970031738e-01
7.110087275505065918e-01
9.651196002960205078e-01
9.136969447135925293e-01
6.003103256225585938e-01
8.865166306495666504e-01
8.188546299934387207e-01
9.247457981109619141e-01
6.352376937866210938e-01
9.798781871795654297e-01
9.216125011444091797e-01
6.391441822052001953e-01
6.655873656272888184e-01
6.444517970085144043e-01
7.705048918724060059e-01
9.388906359672546387e-01
7.146857976913452148e-01
8.787662386894226074e-01
9.167473912239074707e-01
7.156398892402648926e-01
7.841000556945800781e-01
9.183644056320190430e-01
9.377680420875549316e-01
8.357073068618774414e-01
8.306438326835632324e-01
8.310556411743164062e-01
9.163300395011901855e-01
5.960043072700500488e-01
8.822718858718872070e-01
8.647655248641967773e-01
9.189845919609069824e-01
5.988971590995788574e-01
7.947887778282165527e-01
7.581104040145874023e-01
9.918622970581054688e-01
6.156178712844848633e-01
8.840785026550292969e-01
8.160583376884460449e-01
9.189858436584472656e-01
8.993520140647888184e-01
8.436288833618164062e-01
9.105569720268249512e-01
5.455405712127685547e-01
8.306221961975097656e-01
7.877838611602783203e-01
9.796712398529052734e-01
6.601507067680358887e-01
8.491760492324829102e-01
9.192262887954711914e-01
9.240781068801879883e-01
7.984681725502014160e-01
8.497890233993530273e-01
8.125809431076049805e-01
9.160437583923339844e-01
6.210833787918090820e-01
7.936826348304748535e-01
7.258728742599487305e-01
9.883636236190795898e-01
