5.997249484062194824e-01
5.809161067008972168e-01
8.097376823425292969e-01
8.116149306297302246e-01
8.015170693397521973e-01
7.716553211212158203e-01
7.597059607505798340e-01
7.465546727180480957e-01
5.610319972038269043e-01
7.607716917991638184e-01
8.066344261169433594e-01
7.855435609817504883e-01
7.363029718399047852e-01
7.398658990859985352e-01
6.624401211738586426e-01
6.922403573989868164e-01
7.054207921028137207e-01
6.997287869453430176e-01
5.634400248527526855e-01
5.597886443138122559e-01
7.977353334426879883e-01
8.030286431312561035e-01
6.905012726783752441e-01
7.126566171646118164e-01
7.828526496887207031e-01
7.358394861221313477e-01
4.909768700599670410e-01
7.539240121841430664e-01
7.552158236503601074e-01
6.983008980751037598e-01
7.041626572608947754e-01
6.983842849731445312e-01
7.998280525207519531e-01
6.836889386177062988e-01
7.177122235298156738e-01
7.636805176734924316e-01
5.954492688179016113e-01
5.460929870605468750e-01
6.482744812965393066e-01
9.553400278091430664e-01
5.526821613311767578e-01
5.271230936050415039e-01
6.128625869750976562e-01
6.404362320899963379e-01
5.774787068367004395e-01
9.918274879455566406e-01
5.072544813156127930e-01
5.344210863113403320e-01
6.090927720069885254e-01
6.672078371047973633e-01
5.717962384223937988e-01
9.781051278114318848e-01
5.024916529655456543e-01
5.846786499023437500e-01
6.218084096908569336e-01
5.964736938476562500e-01
6.757861375808715820e-01
9.892050623893737793e-01
5.830832123756408691e-01
5.503364205360412598e-01
7.141783833503723145e-01
9.366687536239624023e-01
4.634751379489898682e-01
7.001002430915832520e-01
6.467539668083190918e-01
5.508980751037597656e-01
9.287114143371582031e-01
5.205799937248229980e-01
5.079608559608459473e-01
6.945269107818603516e-01
6.011679768562316895e-01
9.518250823020935059e-01
4.844262003898620605e-01
6.187398433685302734e-01
6.628110408782958984e-01
6.437610983848571777e-01
9.616613984107971191e-01
5.101176500320434570e-01
7.178726196289062500e-01
5.725697875022888184e-01
9.428946971893310547e-01
5.320905447006225586e-01
5.012510418891906738e-01
6.849477887153625488e-01
5.624378323554992676e-01
9.346162080764770508e-01
5.057302117347717285e-01
6.941671371459960938e-01
5.811639428138732910e-01
6.504518389701843262e-01
9.446964263916015625e-01
5.691062211990356445e-01
7.067040801048278809e-01
6.266882419586181641e-01
9.475243091583251953e-01
4.828338325023651123e-01
6.721875071525573730e-01
5.677369236946105957e-01
6.526792645454406738e-01
9.574499130249023438e-01
5.179965496063232422e-01
6.349757909774780273e-01
5.989570617675781250e-01
6.952995061874389648e-01
9.761190414428710938e-01
5.379371047019958496e-01
7.124611139297485352e-01
6.445231437683105469e-01
9.380799531936645508e-01
5.560739040374755859e-01
5.396980047225952148e-01
7.058733701705932617e-01
9.481862783432006836e-01
5.105790495872497559e-01
7.461220026016235352e-01
5.979706048965454102e-01
9.185801148414611816e-01
5.587800741195678711e-01
6.923618316650390625e-01
5.644987821578979492e-01
9.312620162963867188e-01
5.848230719566345215e-01
7.247282266616821289e-01
9.165312647819519043e-01
5.642059445381164551e-01
7.305896282196044922e-01
6.297609806060791016e-01
9.390662312507629395e-01
5.474355220794677734e-01
6.443274617195129395e-01
6.756364703178405762e-01
9.471675753593444824e-01
6.242214441299438477e-01
7.028500437736511230e-01
9.281085133552551270e-01
6.319827437400817871e-01
6.078172922134399414e-01
6.576206684112548828e-01
6.098245382308959961e-01
9.534731507301330566e-01
6.148851513862609863e-01
7.684843540191650391e-01
9.173811078071594238e-01
5.483325719833374023e-01
7.042604684829711914e-01
6.393874287605285645e-01
9.445472955703735352e-01
6.158044338226318359e-01
7.830148935317993164e-01
9.173007011413574219e-01
5.925460457801818848e-01
5.634434819221496582e-01
5.801542401313781738e-01
6.447957754135131836e-01
9.741415977478027344e-01
6.026774048805236816e-01
7.109240889549255371e-01
9.085322022438049316e-01
5.928822755813598633e-01
6.428903937339782715e-01
6.992073655128479004e-01
9.423433542251586914e-01
6.661294102668762207e-01
6.493893861770629883e-01
6.773540377616882324e-01
9.287042021751403809e-01
5.475237965583801270e-01
6.969306468963623047e-01
6.706269383430480957e-01
9.393205642700195312e-01
5.672639012336730957e-01
6.546688675880432129e-01
6.389214396476745605e-01
9.529240727424621582e-01
5.571586489677429199e-01
6.817216277122497559e-01
6.701872348785400391e-01
9.340329766273498535e-01
7.345796227455139160e-01
6.988107562065124512e-01
9.139818549156188965e-01
5.614372491836547852e-01
6.519124507904052734e-01
6.223874092102050781e-01
9.603340029716491699e-01
5.490760803222656250e-01
6.781837344169616699e-01
7.043364048004150391e-01
9.457138776779174805e-01
6.383382678031921387e-01
6.687944531440734863e-01
6.437165141105651855e-01
9.490123391151428223e-01
5.680594444274902344e-01
6.451033353805541992e-01
6.315923929214477539e-01
9.614011049270629883e-01
